[12/05/2026 14:16:53] Written data (COM11) 
    06                                                .                
[12/05/2026 14:16:53] Read data (COM11) 
    86                                                                
[12/05/2026 14:16:53] Written data (COM11) 
    ff 03 00 00 10 00 82 00 00 00 01 00 02 00 03 00   .............. 
    f0 00 00 62 00 00 00 00 00 00 00 00 00 00 00 00   ๐..b............ 
    00 00 00 00 00 00 00 fc                           .......         
[12/05/2026 14:16:53] Read data (COM11) 
    ff 03 00 01 19 00 82 40 30 00 00 00 00 00 00 01   .....@0....... 
    60 00 00 19 20 00 00 01 00 00 00 00 b2 00 00 00   `... .......ฒ... 
    00 00 00 00 e6 6d 00 76                           ....ๆm.v         
[12/05/2026 14:16:53] Written data (COM11) 
    ff 03 00 00 0a 00 82 01 f6 09 f7 09 00 88 00 00   ......๖.๗.... 
    00 00 00 00 00 00 00 00 00 00 00 00 00 00 00 00   ................ 
    00 00 00 00 00 00 00 fc                           .......         
[12/05/2026 14:16:53] Read data (COM11) 
    ff 03 00 01 0d 00 82 00 00 00 00 00 00 00 00 00   .............. 
    8f 00 00 00 00 00 00 00 00 00 00 00 00 00 00 00   ............... 
    00 00 00 00 e8 6d 01 79                           ....่m.y         
[12/05/2026 14:16:53] Written data (COM11) 
    ff 03 00 00 05 00 03 00 06 00 00 00 00 00 00 00   ............... 
    00 00 00 00 00 00 00 00 00 00 00 00 00 00 00 00   ................ 
    00 00 00 00 00 00 00 fc                           .......         
[12/05/2026 14:16:53] Read data (COM11) 
    ff 03 00 01 05 00 03 00 06 00 00 00 00 00 00 00   ............... 
    00 00 00 00 00 00 00 00 00 00 00 00 00 00 00 00   ................ 
    00 00 00 00 ef 6d 02 7d                           ....๏m.}         
[12/05/2026 14:16:53] Written data (COM11) 
    06                                                .                
[12/05/2026 14:16:53] Read data (COM11) 
    86                                                                
[12/05/2026 14:16:54] Written data (COM11) 
    ff 03 00 00 08 00 82 00 05 00 00 8f 00 00 00 00   ............. 
    00 00 00 00 00 00 00 00 00 00 00 00 00 00 00 00   ................ 
    00 00 00 00 00 00 00 fc                           .......         
[12/05/2026 14:16:54] Read data (COM11) 
    ff 03 00 01 09 00 82 ff ff ff ff 00 8b 00 00 00   ......... 
    00 00 00 00 00 00 00 00 00 00 00 00 00 00 00 00   ................ 
    00 00 00 00 98 6e 00 0b                           ....n..         
[12/05/2026 14:16:54] Written data (COM11) 
    ff 03 00 00 16 00 82 00 40 00 41 00 49 00 a0 00   ......@.A.I. . 
    a4 00 a5 00 15 00 16 00 00 7e 00 00 00 00 00 00   ค.ฅ......~...... 
    00 00 00 00 00 00 00 fc                           .......         
[12/05/2026 14:16:54] Read data (COM11) 
    ff 01 00 02 25 00 82 9e 54 00 00 9e 54 00 00 00   ...%.T..T... 
    00 00 00 04 00 01 00 3c c0 c2 00 00 03 00 00 00   .......<ภย...... 
    00 00 00 00 9e 6e 01 92 ff 02 01 02 00 00 00 00   ....n.’....... 
    9f 00 00 00 00 00 00 00 00 00 00 00 00 00 00 00   ............... 
    00 00 00 00 00 00 00 00 00 00 00 00 9e 6e 02 93   ............n.“ 
[12/05/2026 14:16:54] Written data (COM11) 
    ff 03 00 00 0a 00 82 01 c5 01 c4 01 00 88 00 00   ......ล.ฤ.... 
    00 00 00 00 00 00 00 00 00 00 00 00 00 00 00 00   ................ 
    00 00 00 00 00 00 00 fc                           .......         
[12/05/2026 14:16:54] Read data (COM11) 
    ff 03 00 01 0d 00 82 00 00 00 80 ff ff ff 7f 00   ........€. 
    8f 00 00 00 00 00 00 00 00 00 00 00 00 00 00 00   ............... 
    00 00 00 00 9f 6e 03 0f                           ....n..         
[12/05/2026 14:16:54] Written data (COM11) 
    ff 03 00 00 16 00 82 00 40 00 41 00 49 00 a0 00   ......@.A.I. . 
    a4 00 a5 00 15 00 16 00 00 7e 00 00 00 00 00 00   ค.ฅ......~...... 
    00 00 00 00 00 00 00 fc                           .......         
[12/05/2026 14:16:54] Read data (COM11) 
    ff 01 00 02 25 00 82 9e 54 00 00 9e 54 00 00 00   ...%.T..T... 
    00 00 00 04 00 01 00 3c c0 c2 00 00 03 00 00 00   .......<ภย...... 
    00 00 00 00 f5 6f 04 fd ff 02 01 02 00 00 00 00   ....๕o........ 
    9f 00 00 00 00 00 00 00 00 00 00 00 00 00 00 00   ............... 
    00 00 00 00 00 00 00 00 00 00 00 00 f5 6f 05 fe   ............๕o. 
[12/05/2026 14:16:54] Written data (COM11) 
    ff 03 00 00 0a 00 82 01 c5 01 c4 01 00 88 00 00   ......ล.ฤ.... 
    00 00 00 00 00 00 00 00 00 00 00 00 00 00 00 00   ................ 
    00 00 00 00 00 00 00 fc                           .......         
[12/05/2026 14:16:54] Read data (COM11) 
    ff 03 00 01 0d 00 82 00 00 00 80 ff ff ff 7f 00   ........€. 
    8f 00 00 00 00 00 00 00 00 00 00 00 00 00 00 00   ............... 
    00 00 00 00 f6 6f 06 62                           ....๖o.b         
[12/05/2026 14:16:54] Written data (COM11) 
    ff 03 00 00 16 00 82 00 40 00 41 00 49 00 a0 00   ......@.A.I. . 
    a4 00 a5 00 15 00 16 00 00 7e 00 00 00 00 00 00   ค.ฅ......~...... 
    00 00 00 00 00 00 00 fc                           .......         
[12/05/2026 14:16:54] Read data (COM11) 
    ff 01 00 02 25 00 82 9e 54 00 00 9e 54 00 00 00   ...%.T..T... 
    00 00 00 04 00 01 00 3c c0 c2 00 00 03 00 00 00   .......<ภย...... 
    00 00 00 00 51 71 07 44 ff 02 01 02 00 00 00 00   ....Qq.D....... 
    9f 00 00 00 00 00 00 00 00 00 00 00 00 00 00 00   ............... 
    00 00 00 00 00 00 00 00 00 00 00 00 51 71 08 49   ............Qq.I 
[12/05/2026 14:16:54] Written data (COM11) 
    ff 03 00 00 0a 00 82 01 c5 01 c4 01 00 88 00 00   ......ล.ฤ.... 
    00 00 00 00 00 00 00 00 00 00 00 00 00 00 00 00   ................ 
    00 00 00 00 00 00 00 fc                           .......         
[12/05/2026 14:16:54] Read data (COM11) 
    ff 03 00 01 0d 00 82 00 00 00 80 ff ff ff 7f 00   ........€. 
    8f 00 00 00 00 00 00 00 00 00 00 00 00 00 00 00   ............... 
    00 00 00 00 52 71 09 d7                           ....Rq.ื         
[12/05/2026 14:16:55] Written data (COM11) 
    ff 03 00 00 16 00 82 00 40 00 41 00 49 00 a0 00   ......@.A.I. . 
    a4 00 a5 00 15 00 16 00 00 7e 00 00 00 00 00 00   ค.ฅ......~...... 
    00 00 00 00 00 00 00 fc                           .......         
[12/05/2026 14:16:55] Read data (COM11) 
    ff 01 00 02 25 00 82 9e 54 00 00 9e 54 00 00 00   ...%.T..T... 
    00 00 00 04 00 01 00 3c c0 c2 00 00 03 00 00 00   .......<ภย...... 
    00 00 00 00 a6 72 0a bd ff 02 01 02 00 00 00 00   ....ฆr.ฝ....... 
    9f 00 00 00 00 00 00 00 00 00 00 00 00 00 00 00   ............... 
    00 00 00 00 00 00 00 00 00 00 00 00 a6 72 0b be   ............ฆr.พ 
[12/05/2026 14:16:55] Written data (COM11) 
    ff 03 00 00 0a 00 82 01 c5 01 c4 01 00 88 00 00   ......ล.ฤ.... 
    00 00 00 00 00 00 00 00 00 00 00 00 00 00 00 00   ................ 
    00 00 00 00 00 00 00 fc                           .......         
[12/05/2026 14:16:55] Read data (COM11) 
    ff 03 00 01 0d 00 82 00 00 00 80 ff ff ff 7f 00   ........€. 
    8f 00 00 00 00 00 00 00 00 00 00 00 00 00 00 00   ............... 
    00 00 00 00 a7 72 0c 24                           ....งr.$         
[12/05/2026 14:16:55] Written data (COM11) 
    ff 03 00 00 16 00 82 00 40 00 41 00 49 00 a0 00   ......@.A.I. . 
    a4 00 a5 00 15 00 16 00 00 7e 00 00 00 00 00 00   ค.ฅ......~...... 
    00 00 00 00 00 00 00 fc                           .......         
[12/05/2026 14:16:55] Read data (COM11) 
    ff 01 00 02 25 00 82 9e 54 00 00 9e 54 00 00 00   ...%.T..T... 
    00 00 00 04 00 01 00 3c c0 c2 00 00 03 00 00 00   .......<ภย...... 
    00 00 00 00 f9 73 0d e4 ff 02 01 02 00 00 00 00   ....๙s.ไ....... 
    9f 00 00 00 00 00 00 00 00 00 00 00 00 00 00 00   ............... 
    00 00 00 00 00 00 00 00 00 00 00 00 f9 73 0e e5   ............๙s.ๅ 
[12/05/2026 14:16:55] Written data (COM11) 
    ff 03 00 00 0a 00 82 01 c5 01 c4 01 00 88 00 00   ......ล.ฤ.... 
    00 00 00 00 00 00 00 00 00 00 00 00 00 00 00 00   ................ 
    00 00 00 00 00 00 00 fc                           .......         
[12/05/2026 14:16:55] Read data (COM11) 
    ff 03 00 01 0d 00 82 00 00 00 80 ff ff ff 7f 00   ........€. 
    8f 00 00 00 00 00 00 00 00 00 00 00 00 00 00 00   ............... 
    00 00 00 00 fa 73 0f 7b                           ....๚s.{         
[12/05/2026 14:16:55] Written data (COM11) 
    ff 03 00 00 16 00 82 00 40 00 41 00 49 00 a0 00   ......@.A.I. . 
    a4 00 a5 00 15 00 16 00 00 7e 00 00 00 00 00 00   ค.ฅ......~...... 
    00 00 00 00 00 00 00 fc                           .......         
[12/05/2026 14:16:55] Read data (COM11) 
    ff 01 00 02 25 00 82 9e 54 00 00 9e 54 00 00 00   ...%.T..T... 
    00 00 00 04 00 01 00 3c c0 c2 00 00 03 00 00 00   .......<ภย...... 
    00 00 00 00 40 75 10 46 ff 02 01 02 00 00 00 00   ....@u.F....... 
    9f 00 00 00 00 00 00 00 00 00 00 00 00 00 00 00   ............... 
    00 00 00 00 00 00 00 00 00 00 00 00 40 75 11 45   ............@u.E 
[12/05/2026 14:16:55] Written data (COM11) 
    ff 03 00 00 0a 00 82 01 c5 01 c4 01 00 88 00 00   ......ล.ฤ.... 
    00 00 00 00 00 00 00 00 00 00 00 00 00 00 00 00   ................ 
    00 00 00 00 00 00 00 fc                           .......         
[12/05/2026 14:16:55] Read data (COM11) 
    ff 03 00 01 0d 00 82 00 00 00 80 ff ff ff 7f 00   ........€. 
    8f 00 00 00 00 00 00 00 00 00 00 00 00 00 00 00   ............... 
    00 00 00 00 41 75 12 db                           ....Au.         
[12/05/2026 14:16:56] Written data (COM11) 
    ff 03 00 00 16 00 82 00 40 00 41 00 49 00 a0 00   ......@.A.I. . 
    a4 00 a5 00 15 00 16 00 00 7e 00 00 00 00 00 00   ค.ฅ......~...... 
    00 00 00 00 00 00 00 fc                           .......         
[12/05/2026 14:16:56] Read data (COM11) 
    ff 01 00 02 25 00 82 9e 54 00 00 9e 54 00 00 00   ...%.T..T... 
    00 00 00 04 00 01 00 3c c0 c2 00 00 03 00 00 00   .......<ภย...... 
    00 00 00 00 7a 76 13 7c ff 02 01 02 00 00 00 00   ....zv.|....... 
    9f 00 00 00 00 00 00 00 00 00 00 00 00 00 00 00   ............... 
    00 00 00 00 00 00 00 00 00 00 00 00 7a 76 14 79   ............zv.y 
[12/05/2026 14:16:56] Written data (COM11) 
    ff 03 00 00 0a 00 82 01 c5 01 c4 01 00 88 00 00   ......ล.ฤ.... 
    00 00 00 00 00 00 00 00 00 00 00 00 00 00 00 00   ................ 
    00 00 00 00 00 00 00 fc                           .......         
[12/05/2026 14:16:56] Read data (COM11) 
    ff 03 00 01 0d 00 82 00 00 00 80 ff ff ff 7f 00   ........€. 
    8f 00 00 00 00 00 00 00 00 00 00 00 00 00 00 00   ............... 
    00 00 00 00 7b 76 15 e5                           ....{v.ๅ         
[12/05/2026 14:16:56] Written data (COM11) 
    ff 03 00 00 16 00 82 00 40 00 41 00 49 00 a0 00   ......@.A.I. . 
    a4 00 a5 00 15 00 16 00 00 7e 00 00 00 00 00 00   ค.ฅ......~...... 
    00 00 00 00 00 00 00 fc                           .......         
[12/05/2026 14:16:56] Read data (COM11) 
    ff 01 00 02 25 00 82 9e 54 00 00 9e 54 00 00 00   ...%.T..T... 
    00 00 00 04 00 01 00 3c c0 c2 00 00 03 00 00 00   .......<ภย...... 
    00 00 00 00 c0 77 16 c2 ff 02 01 02 00 00 00 00   ....ภw.ย....... 
    9f 00 00 00 00 00 00 00 00 00 00 00 00 00 00 00   ............... 
    00 00 00 00 00 00 00 00 00 00 00 00 c0 77 17 c1   ............ภw.ม 
[12/05/2026 14:16:56] Written data (COM11) 
    ff 03 00 00 0a 00 82 01 c5 01 c4 01 00 88 00 00   ......ล.ฤ.... 
    00 00 00 00 00 00 00 00 00 00 00 00 00 00 00 00   ................ 
    00 00 00 00 00 00 00 fc                           .......         
[12/05/2026 14:16:56] Read data (COM11) 
    ff 03 00 01 0d 00 82 00 00 00 80 ff ff ff 7f 00   ........€. 
    8f 00 00 00 00 00 00 00 00 00 00 00 00 00 00 00   ............... 
    00 00 00 00 c1 77 18 53                           ....มw.S         
[12/05/2026 14:16:56] Written data (COM11) 
    ff 03 00 00 16 00 82 00 40 00 41 00 49 00 a0 00   ......@.A.I. . 
    a4 00 a5 00 15 00 16 00 00 7e 00 00 00 00 00 00   ค.ฅ......~...... 
    00 00 00 00 00 00 00 fc                           .......         
[12/05/2026 14:16:56] Read data (COM11) 
    ff 01 00 02 25 00 82 9e 54 00 00 9e 54 00 00 00   ...%.T..T... 
    00 00 00 04 00 01 00 3c c0 c2 00 00 03 00 00 00   .......<ภย...... 
    00 00 00 00 09 79 19 0a ff 02 01 02 00 00 00 00   .....y......... 
    9f 00 00 00 00 00 00 00 00 00 00 00 00 00 00 00   ............... 
    00 00 00 00 00 00 00 00 00 00 00 00 09 79 1a 0b   .............y.. 
[12/05/2026 14:16:56] Written data (COM11) 
    ff 03 00 00 0a 00 82 01 c5 01 c4 01 00 88 00 00   ......ล.ฤ.... 
    00 00 00 00 00 00 00 00 00 00 00 00 00 00 00 00   ................ 
    00 00 00 00 00 00 00 fc                           .......         
[12/05/2026 14:16:56] Read data (COM11) 
    ff 03 00 01 0d 00 82 00 00 00 80 ff ff ff 7f 00   ........€. 
    8f 00 00 00 00 00 00 00 00 00 00 00 00 00 00 00   ............... 
    00 00 00 00 0a 79 1b 95                           .....y.•         
[12/05/2026 14:16:57] Written data (COM11) 
    ff 03 00 00 16 00 82 00 40 00 41 00 49 00 a0 00   ......@.A.I. . 
    a4 00 a5 00 15 00 16 00 00 7e 00 00 00 00 00 00   ค.ฅ......~...... 
    00 00 00 00 00 00 00 fc                           .......         
[12/05/2026 14:16:57] Read data (COM11) 
    ff 01 00 02 25 00 82 9e 54 00 00 9e 54 00 00 00   ...%.T..T... 
    00 00 00 04 00 01 00 3c c0 c2 00 00 03 00 00 00   .......<ภย...... 
    00 00 00 00 4f 7a 1c 4a ff 02 01 02 00 00 00 00   ....Oz.J....... 
    9f 00 00 00 00 00 00 00 00 00 00 00 00 00 00 00   ............... 
    00 00 00 00 00 00 00 00 00 00 00 00 4f 7a 1d 49   ............Oz.I 
[12/05/2026 14:16:57] Written data (COM11) 
    ff 03 00 00 0a 00 82 01 c5 01 c4 01 00 88 00 00   ......ล.ฤ.... 
    00 00 00 00 00 00 00 00 00 00 00 00 00 00 00 00   ................ 
    00 00 00 00 00 00 00 fc                           .......         
[12/05/2026 14:16:57] Read data (COM11) 
    ff 03 00 01 0d 00 82 00 00 00 80 ff ff ff 7f 00   ........€. 
    8f 00 00 00 00 00 00 00 00 00 00 00 00 00 00 00   ............... 
    00 00 00 00 50 7a 1e c9                           ....Pz.ษ         
[12/05/2026 14:16:57] Written data (COM11) 
    ff 03 00 00 08 00 82 00 00 01 00 8b 00 00 00 00   ............. 
    00 00 00 00 00 00 00 00 00 00 00 00 00 00 00 00   ................ 
    00 00 00 00 00 00 00 fc                           .......         
[12/05/2026 14:16:57] Read data (COM11) 
    ff 03 00 01 09 00 82 c3 24 43 76 00 59 00 00 00   .....ร$Cv.Y... 
    00 00 00 00 00 00 00 00 00 00 00 00 00 00 00 00   ................ 
    00 00 00 00 99 7a 1f 01                           ....z..         
[12/05/2026 14:16:57] Written data (COM11) 
    ff 03 00 00 08 00 82 00 e6 00 00 6c 00 00 00 00   ......ๆ..l.... 
    00 00 00 00 00 00 00 00 00 00 00 00 00 00 00 00   ................ 
    00 00 00 00 00 00 00 fc                           .......         
[12/05/2026 14:16:57] Read data (COM11) 
    ff 03 00 01 09 00 82 00 00 00 00 00 8b 00 00 00   ............. 
    00 00 00 00 00 00 00 00 00 00 00 00 00 00 00 00   ................ 
    00 00 00 00 9a 7a 20 3d                           ....z =         
[12/05/2026 14:16:57] Written data (COM11) 
    ff 03 00 00 08 00 82 00 e5 00 00 6f 00 00 00 00   ......ๅ..o.... 
    00 00 00 00 00 00 00 00 00 00 00 00 00 00 00 00   ................ 
    00 00 00 00 00 00 00 fc                           .......         
[12/05/2026 14:16:57] Read data (COM11) 
    ff 03 00 01 09 00 82 00 00 00 00 00 8b 00 00 00   ............. 
    00 00 00 00 00 00 00 00 00 00 00 00 00 00 00 00   ................ 
    00 00 00 00 9b 7a 21 3d                           ....z!=         
[12/05/2026 14:16:57] Written data (COM11) 
    ff 03 00 00 0c 00 83 00 82 01 01 00 00 00 00 0d   ............. 
    00 00 00 00 00 00 00 00 00 00 00 00 00 00 00 00   ................ 
    00 00 00 00 00 00 00 fc                           .......         
[12/05/2026 14:16:57] Read data (COM11) 
    ff 03 00 01 06 00 83 00 00 85 00 00 00 00 00 00   .......…...... 
    00 00 00 00 00 00 00 00 00 00 00 00 00 00 00 00   ................ 
    00 00 00 00 9e 7a 22 3b                           ....z";         
[12/05/2026 14:16:57] Written data (COM11) 
    ff 03 00 00 16 00 82 00 40 00 41 00 49 00 a0 00   ......@.A.I. . 
    a4 00 a5 00 15 00 16 00 00 7e 00 00 00 00 00 00   ค.ฅ......~...... 
    00 00 00 00 00 00 00 fc                           .......         
[12/05/2026 14:16:57] Read data (COM11) 
    ff 01 00 02 25 00 82 9e 54 00 00 9e 54 00 00 00   ...%.T..T... 
    00 00 00 04 00 01 00 8c c1 c2 00 00 03 00 00 00   .......มย...... 
    00 00 00 00 99 7b 23 13 ff 02 01 02 00 00 10 00   ....{#........ 
    3e 00 00 00 00 00 00 00 00 00 00 00 00 00 00 00   >............... 
    00 00 00 00 00 00 00 00 00 00 00 00 99 7b 24 16   ............{$. 
[12/05/2026 14:16:57] Written data (COM11) 
    ff 03 00 00 0a 00 82 01 c5 01 c4 01 00 88 00 00   ......ล.ฤ.... 
    00 00 00 00 00 00 00 00 00 00 00 00 00 00 00 00   ................ 
    00 00 00 00 00 00 00 fc                           .......         
[12/05/2026 14:16:57] Read data (COM11) 
    ff 03 00 01 0d 00 82 00 00 00 80 ff ff ff 7f 00   ........€. 
    8f 00 00 00 00 00 00 00 00 00 00 00 00 00 00 00   ............... 
    00 00 00 00 9a 7b 25 39                           ....{%9         
[12/05/2026 14:16:57] Written data (COM11) 
    ff 03 00 00 16 00 82 00 40 00 41 00 49 00 a0 00   ......@.A.I. . 
    a4 00 a5 00 15 00 16 00 00 7e 00 00 00 00 00 00   ค.ฅ......~...... 
    00 00 00 00 00 00 00 fc                           .......         
[12/05/2026 14:16:57] Read data (COM11) 
    ff 01 00 02 25 00 82 9e 54 00 00 9e 54 00 00 00   ...%.T..T... 
    00 00 00 04 00 01 00 8c c1 c2 00 00 03 00 00 00   .......มย...... 
    00 00 00 00 e0 7c 26 68 ff 02 01 02 00 00 10 00   ....เ|&h....... 
    3e 00 00 00 00 00 00 00 00 00 00 00 00 00 00 00   >............... 
    00 00 00 00 00 00 00 00 00 00 00 00 e0 7c 27 6b   ............เ|'k 
[12/05/2026 14:16:57] Written data (COM11) 
    ff 03 00 00 0a 00 82 01 c5 01 c4 01 00 88 00 00   ......ล.ฤ.... 
    00 00 00 00 00 00 00 00 00 00 00 00 00 00 00 00   ................ 
    00 00 00 00 00 00 00 fc                           .......         
[12/05/2026 14:16:57] Read data (COM11) 
    ff 03 00 01 0d 00 82 00 00 00 80 ff ff ff 7f 00   ........€. 
    8f 00 00 00 00 00 00 00 00 00 00 00 00 00 00 00   ............... 
    00 00 00 00 e1 7c 28 48                           ....แ|(H         
[12/05/2026 14:16:57] Written data (COM11) 
    ff 03 00 00 16 00 82 00 40 00 41 00 49 00 a0 00   ......@.A.I. . 
    a4 00 a5 00 15 00 16 00 00 7e 00 00 00 00 00 00   ค.ฅ......~...... 
    00 00 00 00 00 00 00 fc                           .......         
[12/05/2026 14:16:57] Read data (COM11) 
    ff 01 00 02 25 00 82 9e 54 00 00 9e 54 00 00 00   ...%.T..T... 
    00 00 00 04 00 01 00 8c c1 c2 00 00 03 00 00 00   .......มย...... 
    00 00 00 00 18 7e 29 9d ff 02 01 02 00 00 10 00   .....~)....... 
    3e 00 00 00 00 00 00 00 00 00 00 00 00 00 00 00   >............... 
    00 00 00 00 00 00 00 00 00 00 00 00 18 7e 2a 9c   .............~* 
[12/05/2026 14:16:57] Written data (COM11) 
    ff 03 00 00 0a 00 82 01 c5 01 c4 01 00 88 00 00   ......ล.ฤ.... 
    00 00 00 00 00 00 00 00 00 00 00 00 00 00 00 00   ................ 
    00 00 00 00 00 00 00 fc                           .......         
[12/05/2026 14:16:57] Read data (COM11) 
    ff 03 00 01 0d 00 82 00 00 00 80 ff ff ff 7f 00   ........€. 
    8f 00 00 00 00 00 00 00 00 00 00 00 00 00 00 00   ............... 
    00 00 00 00 19 7e 2b b1                           .....~+ฑ         
[12/05/2026 14:16:58] Written data (COM11) 
    ff 03 00 00 16 00 82 00 40 00 41 00 49 00 a0 00   ......@.A.I. . 
    a4 00 a5 00 15 00 16 00 00 7e 00 00 00 00 00 00   ค.ฅ......~...... 
    00 00 00 00 00 00 00 fc                           .......         
[12/05/2026 14:16:58] Read data (COM11) 
    ff 01 00 02 25 00 82 9e 54 00 00 9e 54 00 00 00   ...%.T..T... 
    00 00 00 04 00 01 00 8c c1 c2 00 00 03 00 00 00   .......มย...... 
    00 00 00 00 60 7f 2c e1 ff 02 01 02 00 00 10 00   ....`,แ....... 
    3e 00 00 00 00 00 00 00 00 00 00 00 00 00 00 00   >............... 
    00 00 00 00 00 00 00 00 00 00 00 00 60 7f 2d e2   ............`-โ 
[12/05/2026 14:16:58] Written data (COM11) 
    ff 03 00 00 0a 00 82 01 c5 01 c4 01 00 88 00 00   ......ล.ฤ.... 
    00 00 00 00 00 00 00 00 00 00 00 00 00 00 00 00   ................ 
    00 00 00 00 00 00 00 fc                           .......         
[12/05/2026 14:16:58] Read data (COM11) 
    ff 03 00 01 0d 00 82 00 00 00 80 ff ff ff 7f 00   ........€. 
    8f 00 00 00 00 00 00 00 00 00 00 00 00 00 00 00   ............... 
    00 00 00 00 61 7f 2e cd                           ....a.อ         
[12/05/2026 14:16:58] Written data (COM11) 
    ff 03 00 00 16 00 82 00 40 00 41 00 49 00 a0 00   ......@.A.I. . 
    a4 00 a5 00 15 00 16 00 00 7e 00 00 00 00 00 00   ค.ฅ......~...... 
    00 00 00 00 00 00 00 fc                           .......         
[12/05/2026 14:16:58] Read data (COM11) 
    ff 01 00 02 25 00 82 9e 54 00 00 9e 54 00 00 00   ...%.T..T... 
    00 00 00 04 00 01 00 8c c1 c2 00 00 03 00 00 00   .......มย...... 
    00 00 00 00 9b 80 2f e6 ff 02 01 02 00 00 10 00   ....€/ๆ....... 
    3e 00 00 00 00 00 00 00 00 00 00 00 00 00 00 00   >............... 
    00 00 00 00 00 00 00 00 00 00 00 00 9b 80 30 fb   ............€0๛ 
[12/05/2026 14:16:58] Written data (COM11) 
    ff 03 00 00 0a 00 82 01 c5 01 c4 01 00 88 00 00   ......ล.ฤ.... 
    00 00 00 00 00 00 00 00 00 00 00 00 00 00 00 00   ................ 
    00 00 00 00 00 00 00 fc                           .......         
[12/05/2026 14:16:58] Read data (COM11) 
    ff 03 00 01 0d 00 82 00 00 00 80 ff ff ff 7f 00   ........€. 
    8f 00 00 00 00 00 00 00 00 00 00 00 00 00 00 00   ............... 
    00 00 00 00 9c 80 31 d0                           ....€1ะ         
[12/05/2026 14:16:58] Written data (COM11) 
    ff 03 00 00 16 00 82 00 40 00 41 00 49 00 a0 00   ......@.A.I. . 
    a4 00 a5 00 15 00 16 00 00 7e 00 00 00 00 00 00   ค.ฅ......~...... 
    00 00 00 00 00 00 00 fc                           .......         
[12/05/2026 14:16:58] Read data (COM11) 
    ff 01 00 02 25 00 82 9e 54 00 00 9e 54 00 00 00   ...%.T..T... 
    00 00 00 04 00 01 00 8c c1 c2 00 00 03 00 00 00   .......มย...... 
    00 00 00 00 f0 81 32 91 ff 02 01 02 00 00 10 00   ....๐2‘....... 
    3e 00 00 00 00 00 00 00 00 00 00 00 00 00 00 00   >............... 
    00 00 00 00 00 00 00 00 00 00 00 00 f0 81 33 92   ............๐3’ 
[12/05/2026 14:16:58] Written data (COM11) 
    ff 03 00 00 0a 00 82 01 c5 01 c4 01 00 88 00 00   ......ล.ฤ.... 
    00 00 00 00 00 00 00 00 00 00 00 00 00 00 00 00   ................ 
    00 00 00 00 00 00 00 fc                           .......         
[12/05/2026 14:16:58] Read data (COM11) 
    ff 03 00 01 0d 00 82 00 00 00 80 ff ff ff 7f 00   ........€. 
    8f 00 00 00 00 00 00 00 00 00 00 00 00 00 00 00   ............... 
    00 00 00 00 f1 81 34 b9                           ....๑4น         
[12/05/2026 14:16:59] Written data (COM11) 
    ff 03 00 00 16 00 82 00 40 00 41 00 49 00 a0 00   ......@.A.I. . 
    a4 00 a5 00 15 00 16 00 00 7e 00 00 00 00 00 00   ค.ฅ......~...... 
    00 00 00 00 00 00 00 fc                           .......         
[12/05/2026 14:16:59] Read data (COM11) 
    ff 01 00 02 25 00 82 9e 54 00 00 9e 54 00 00 00   ...%.T..T... 
    00 00 00 04 00 01 00 8c c1 c2 00 00 03 00 00 00   .......มย...... 
    00 00 00 00 27 83 35 43 ff 02 01 02 00 00 10 00   ....'5C....... 
    3e 00 00 00 00 00 00 00 00 00 00 00 00 00 00 00   >............... 
    00 00 00 00 00 00 00 00 00 00 00 00 27 83 36 42   ............'6B 
[12/05/2026 14:16:59] Written data (COM11) 
    ff 03 00 00 0a 00 82 01 c5 01 c4 01 00 88 00 00   ......ล.ฤ.... 
    00 00 00 00 00 00 00 00 00 00 00 00 00 00 00 00   ................ 
    00 00 00 00 00 00 00 fc                           .......         
[12/05/2026 14:16:59] Read data (COM11) 
    ff 03 00 01 0d 00 82 00 00 00 80 ff ff ff 7f 00   ........€. 
    8f 00 00 00 00 00 00 00 00 00 00 00 00 00 00 00   ............... 
    00 00 00 00 28 83 37 61                           ....(7a         
[12/05/2026 14:16:59] Written data (COM11) 
    ff 03 00 00 16 00 82 00 40 00 41 00 49 00 a0 00   ......@.A.I. . 
    a4 00 a5 00 15 00 16 00 00 7e 00 00 00 00 00 00   ค.ฅ......~...... 
    00 00 00 00 00 00 00 fc                           .......         
[12/05/2026 14:16:59] Read data (COM11) 
    ff 01 00 02 25 00 82 9e 54 00 00 9e 54 00 00 00   ...%.T..T... 
    00 00 00 04 00 01 00 8c c1 c2 00 00 03 00 00 00   .......มย...... 
    00 00 00 00 63 84 38 0d ff 02 01 02 00 00 10 00   ....c8........ 
    3e 00 00 00 00 00 00 00 00 00 00 00 00 00 00 00   >............... 
    00 00 00 00 00 00 00 00 00 00 00 00 63 84 39 0e   ............c9. 
[12/05/2026 14:16:59] Written data (COM11) 
    ff 03 00 00 0a 00 82 01 c5 01 c4 01 00 88 00 00   ......ล.ฤ.... 
    00 00 00 00 00 00 00 00 00 00 00 00 00 00 00 00   ................ 
    00 00 00 00 00 00 00 fc                           .......         
[12/05/2026 14:16:59] Read data (COM11) 
    ff 03 00 01 0d 00 82 00 00 00 80 ff ff ff 7f 00   ........€. 
    8f 00 00 00 00 00 00 00 00 00 00 00 00 00 00 00   ............... 
    00 00 00 00 64 84 3a 27                           ....d:'         
[12/05/2026 14:16:59] Written data (COM11) 
    ff 03 00 00 16 00 82 00 40 00 41 00 49 00 a0 00   ......@.A.I. . 
    a4 00 a5 00 15 00 16 00 00 7e 00 00 00 00 00 00   ค.ฅ......~...... 
    00 00 00 00 00 00 00 fc                           .......         
[12/05/2026 14:16:59] Read data (COM11) 
    ff 01 00 02 25 00 82 9e 54 00 00 9e 54 00 00 00   ...%.T..T... 
    00 00 00 04 00 01 00 8c c1 c2 00 00 03 00 00 00   .......มย...... 
    00 00 00 00 a7 85 3b cb ff 02 01 02 00 00 10 00   ....ง…;ห....... 
    3e 00 00 00 00 00 00 00 00 00 00 00 00 00 00 00   >............... 
    00 00 00 00 00 00 00 00 00 00 00 00 a7 85 3c ce   ............ง…<ฮ 
[12/05/2026 14:16:59] Written data (COM11) 
    ff 03 00 00 0a 00 82 01 c5 01 c4 01 00 88 00 00   ......ล.ฤ.... 
    00 00 00 00 00 00 00 00 00 00 00 00 00 00 00 00   ................ 
    00 00 00 00 00 00 00 fc                           .......         
[12/05/2026 14:16:59] Read data (COM11) 
    ff 03 00 01 0d 00 82 00 00 00 80 ff ff ff 7f 00   ........€. 
    8f 00 00 00 00 00 00 00 00 00 00 00 00 00 00 00   ............... 
    00 00 00 00 a8 85 3d ed                           ....จ…=ํ         
[12/05/2026 14:16:59] Written data (COM11) 
    ff 03 00 00 0c 00 83 00 9b 01 00 00 00 00 00 15   ............. 
    00 00 00 00 00 00 00 00 00 00 00 00 00 00 00 00   ................ 
    00 00 00 00 00 00 00 fc                           .......         
[12/05/2026 14:17:00] Read data (COM11) 
    ff 03 00 01 06 00 83 00 00 85 00 00 00 00 00 00   .......…...... 
    00 00 00 00 00 00 00 00 00 00 00 00 00 00 00 00   ................ 
    00 00 00 00 fc 85 3e ba                           ....…>บ         
[12/05/2026 14:17:00] Written data (COM11) 
    ff 03 00 00 08 00 82 00 e7 00 00 6d 00 00 00 00   ......็..m.... 
    00 00 00 00 00 00 00 00 00 00 00 00 00 00 00 00   ................ 
    00 00 00 00 00 00 00 fc                           .......         
[12/05/2026 14:17:00] Read data (COM11) 
    ff 03 00 01 09 00 82 01 00 00 00 00 8a 00 00 00   ............. 
    00 00 00 00 00 00 00 00 00 00 00 00 00 00 00 00   ................ 
    00 00 00 00 23 86 3f 67                           ....#?g         
[12/05/2026 14:17:00] Written data (COM11) 
    ff 03 00 00 08 00 82 00 e7 00 00 6d 00 00 00 00   ......็..m.... 
    00 00 00 00 00 00 00 00 00 00 00 00 00 00 00 00   ................ 
    00 00 00 00 00 00 00 fc                           .......         
[12/05/2026 14:17:00] Read data (COM11) 
    ff 03 00 01 09 00 82 01 00 00 00 00 8a 00 00 00   ............. 
    00 00 00 00 00 00 00 00 00 00 00 00 00 00 00 00   ................ 
    00 00 00 00 98 86 40 a3                           ....@ฃ         
[12/05/2026 14:17:00] Written data (COM11) 
    ff 03 00 00 16 00 82 00 40 00 41 00 49 00 a0 00   ......@.A.I. . 
    a4 00 a5 00 15 00 16 00 00 7e 00 00 00 00 00 00   ค.ฅ......~...... 
    00 00 00 00 00 00 00 fc                           .......         
[12/05/2026 14:17:00] Read data (COM11) 
    ff 01 00 02 25 00 82 81 55 00 00 7f 55 00 00 01   ...%.U..U... 
    04 00 00 04 00 01 00 cc 61 c2 00 00 03 00 00 00   .......ฬaย...... 
    00 00 00 00 e0 86 41 ee ff 02 01 02 00 00 10 00   ....เA๎....... 
    25 00 00 00 00 00 00 00 00 00 00 00 00 00 00 00   %............... 
    00 00 00 00 00 00 00 00 00 00 00 00 e0 86 42 ef   ............เB๏ 
[12/05/2026 14:17:00] Written data (COM11) 
    ff 03 00 00 0a 00 82 01 c5 01 c4 01 00 88 00 00   ......ล.ฤ.... 
    00 00 00 00 00 00 00 00 00 00 00 00 00 00 00 00   ................ 
    00 00 00 00 00 00 00 fc                           .......         
[12/05/2026 14:17:00] Read data (COM11) 
    ff 03 00 01 0d 00 82 00 00 00 80 ff ff ff 7f 00   ........€. 
    8f 00 00 00 00 00 00 00 00 00 00 00 00 00 00 00   ............... 
    00 00 00 00 e1 86 43 d9                           ....แCู         
[12/05/2026 14:17:00] Written data (COM11) 
    ff 03 00 00 08 00 82 00 e7 00 00 6d 00 00 00 00   ......็..m.... 
    00 00 00 00 00 00 00 00 00 00 00 00 00 00 00 00   ................ 
    00 00 00 00 00 00 00 fc                           .......         
[12/05/2026 14:17:00] Read data (COM11) 
    ff 03 00 01 09 00 82 01 00 00 00 00 8a 00 00 00   ............. 
    00 00 00 00 00 00 00 00 00 00 00 00 00 00 00 00   ................ 
    00 00 00 00 15 87 44 2b                           .....D+         
[12/05/2026 14:17:00] Written data (COM11) 
    ff 03 00 00 08 00 82 00 e7 00 00 6d 00 00 00 00   ......็..m.... 
    00 00 00 00 00 00 00 00 00 00 00 00 00 00 00 00   ................ 
    00 00 00 00 00 00 00 fc                           .......         
[12/05/2026 14:17:00] Read data (COM11) 
    ff 03 00 01 09 00 82 01 00 00 00 00 8a 00 00 00   ............. 
    00 00 00 00 00 00 00 00 00 00 00 00 00 00 00 00   ................ 
    00 00 00 00 82 87 45 bd                           ....Eฝ         
[12/05/2026 14:17:00] Written data (COM11) 
    ff 03 00 00 08 00 82 00 e7 00 00 6d 00 00 00 00   ......็..m.... 
    00 00 00 00 00 00 00 00 00 00 00 00 00 00 00 00   ................ 
    00 00 00 00 00 00 00 fc                           .......         
[12/05/2026 14:17:00] Read data (COM11) 
    ff 03 00 01 09 00 82 01 00 00 00 00 8a 00 00 00   ............. 
    00 00 00 00 00 00 00 00 00 00 00 00 00 00 00 00   ................ 
    00 00 00 00 ef 87 46 d3                           ....๏Fำ         
[12/05/2026 14:17:00] Written data (COM11) 
    ff 03 00 00 16 00 82 00 40 00 41 00 49 00 a0 00   ......@.A.I. . 
    a4 00 a5 00 15 00 16 00 00 7e 00 00 00 00 00 00   ค.ฅ......~...... 
    00 00 00 00 00 00 00 fc                           .......         
[12/05/2026 14:17:00] Read data (COM11) 
    ff 01 00 02 25 00 82 b9 56 00 00 b8 56 00 00 01   ...%.นV..ธV... 
    04 00 00 04 00 01 00 cc 61 c2 00 00 03 00 00 00   .......ฬaย...... 
    00 00 00 00 18 88 47 e1 ff 02 01 02 00 00 10 00   .....Gแ....... 
    da 00 00 00 00 00 00 00 00 00 00 00 00 00 00 00   ฺ............... 
    00 00 00 00 00 00 00 00 00 00 00 00 18 88 48 ec   .............H์ 
[12/05/2026 14:17:00] Written data (COM11) 
    ff 03 00 00 0a 00 82 01 c5 01 c4 01 00 88 00 00   ......ล.ฤ.... 
    00 00 00 00 00 00 00 00 00 00 00 00 00 00 00 00   ................ 
    00 00 00 00 00 00 00 fc                           .......         
[12/05/2026 14:17:00] Read data (COM11) 
    ff 03 00 01 0d 00 82 00 00 00 80 ff ff ff 7f 00   ........€. 
    8f 00 00 00 00 00 00 00 00 00 00 00 00 00 00 00   ............... 
    00 00 00 00 1a 88 49 26                           .....I&         
[12/05/2026 14:17:00] Written data (COM11) 
    ff 03 00 00 08 00 82 00 e7 00 00 6d 00 00 00 00   ......็..m.... 
    00 00 00 00 00 00 00 00 00 00 00 00 00 00 00 00   ................ 
    00 00 00 00 00 00 00 fc                           .......         
[12/05/2026 14:17:00] Read data (COM11) 
    ff 03 00 01 09 00 82 01 00 00 00 00 8a 00 00 00   ............. 
    00 00 00 00 00 00 00 00 00 00 00 00 00 00 00 00   ................ 
    00 00 00 00 6e 88 4a 51                           ....nJQ         
[12/05/2026 14:17:00] Written data (COM11) 
    ff 03 00 00 08 00 82 00 e7 00 00 6d 00 00 00 00   ......็..m.... 
    00 00 00 00 00 00 00 00 00 00 00 00 00 00 00 00   ................ 
    00 00 00 00 00 00 00 fc                           .......         
[12/05/2026 14:17:00] Read data (COM11) 
    ff 03 00 01 09 00 82 01 00 00 00 00 8a 00 00 00   ............. 
    00 00 00 00 00 00 00 00 00 00 00 00 00 00 00 00   ................ 
    00 00 00 00 d9 88 4b e7                           ....ูK็         
[12/05/2026 14:17:00] Written data (COM11) 
    ff 03 00 00 08 00 82 00 e7 00 00 6d 00 00 00 00   ......็..m.... 
    00 00 00 00 00 00 00 00 00 00 00 00 00 00 00 00   ................ 
    00 00 00 00 00 00 00 fc                           .......         
[12/05/2026 14:17:00] Read data (COM11) 
    ff 03 00 01 09 00 82 01 00 00 00 00 8a 00 00 00   ............. 
    00 00 00 00 00 00 00 00 00 00 00 00 00 00 00 00   ................ 
    00 00 00 00 46 89 4c 7e                           ....FL~         
[12/05/2026 14:17:00] Written data (COM11) 
    ff 03 00 00 16 00 82 00 40 00 41 00 49 00 a0 00   ......@.A.I. . 
    a4 00 a5 00 15 00 16 00 00 7e 00 00 00 00 00 00   ค.ฅ......~...... 
    00 00 00 00 00 00 00 fc                           .......         
[12/05/2026 14:17:00] Read data (COM11) 
    ff 01 00 02 25 00 82 ff 57 00 00 fd 57 00 00 01   ...%.W..W... 
    04 00 00 04 00 01 00 cc 61 c2 00 00 03 00 00 00   .......ฬaย...... 
    00 00 00 00 5e 89 4d af ff 02 01 02 00 00 10 00   ....^Mฏ....... 
    d9 00 00 00 00 00 00 00 00 00 00 00 00 00 00 00   ู............... 
    00 00 00 00 00 00 00 00 00 00 00 00 5e 89 4e ae   ............^Nฎ 
[12/05/2026 14:17:00] Written data (COM11) 
    ff 03 00 00 0a 00 82 01 c5 01 c4 01 00 88 00 00   ......ล.ฤ.... 
    00 00 00 00 00 00 00 00 00 00 00 00 00 00 00 00   ................ 
    00 00 00 00 00 00 00 fc                           .......         
[12/05/2026 14:17:00] Read data (COM11) 
    ff 03 00 01 0d 00 82 00 00 00 80 ff ff ff 7f 00   ........€. 
    8f 00 00 00 00 00 00 00 00 00 00 00 00 00 00 00   ............... 
    00 00 00 00 5f 89 4f 64                           ...._Od         
[12/05/2026 14:17:00] Written data (COM11) 
    ff 03 00 00 08 00 82 00 e7 00 00 6d 00 00 00 00   ......็..m.... 
    00 00 00 00 00 00 00 00 00 00 00 00 00 00 00 00   ................ 
    00 00 00 00 00 00 00 fc                           .......         
[12/05/2026 14:17:00] Read data (COM11) 
    ff 03 00 01 09 00 82 01 00 00 00 00 8a 00 00 00   ............. 
    00 00 00 00 00 00 00 00 00 00 00 00 00 00 00 00   ................ 
    00 00 00 00 c4 89 50 e0                           ....ฤPเ         
[12/05/2026 14:17:01] Written data (COM11) 
    ff 03 00 00 08 00 82 00 e7 00 00 6d 00 00 00 00   ......็..m.... 
    00 00 00 00 00 00 00 00 00 00 00 00 00 00 00 00   ................ 
    00 00 00 00 00 00 00 fc                           .......         
[12/05/2026 14:17:01] Read data (COM11) 
    ff 03 00 01 09 00 82 01 00 00 00 00 8a 00 00 00   ............. 
    00 00 00 00 00 00 00 00 00 00 00 00 00 00 00 00   ................ 
    00 00 00 00 30 8a 51 16                           ....0Q.         
[12/05/2026 14:17:01] Written data (COM11) 
    ff 03 00 00 16 00 82 00 40 00 41 00 49 00 a0 00   ......@.A.I. . 
    a4 00 a5 00 15 00 16 00 00 7e 00 00 00 00 00 00   ค.ฅ......~...... 
    00 00 00 00 00 00 00 fc                           .......         
[12/05/2026 14:17:01] Read data (COM11) 
    ff 01 00 02 25 00 82 39 59 00 00 37 59 00 00 e9   ...%.9Y..7Y..้ 
    03 00 00 04 00 01 00 cc 61 c2 00 00 03 00 00 00   .......ฬaย...... 
    00 00 00 00 98 8a 52 96 ff 02 01 02 00 00 10 00   ....R–....... 
    3a 00 00 00 00 00 00 00 00 00 00 00 00 00 00 00   :............... 
    00 00 00 00 00 00 00 00 00 00 00 00 98 8a 53 95   ............S• 
[12/05/2026 14:17:01] Written data (COM11) 
    ff 03 00 00 0a 00 82 01 c5 01 c4 01 00 88 00 00   ......ล.ฤ.... 
    00 00 00 00 00 00 00 00 00 00 00 00 00 00 00 00   ................ 
    00 00 00 00 00 00 00 fc                           .......         
[12/05/2026 14:17:01] Read data (COM11) 
    ff 03 00 01 0d 00 82 00 00 00 80 ff ff ff 7f 00   ........€. 
    8f 00 00 00 00 00 00 00 00 00 00 00 00 00 00 00   ............... 
    00 00 00 00 9a 8a 54 b9                           ....Tน         
[12/05/2026 14:17:01] Written data (COM11) 
    ff 03 00 00 08 00 82 00 e7 00 00 6d 00 00 00 00   ......็..m.... 
    00 00 00 00 00 00 00 00 00 00 00 00 00 00 00 00   ................ 
    00 00 00 00 00 00 00 fc                           .......         
[12/05/2026 14:17:01] Read data (COM11) 
    ff 03 00 01 09 00 82 01 00 00 00 00 8a 00 00 00   ............. 
    00 00 00 00 00 00 00 00 00 00 00 00 00 00 00 00   ................ 
    00 00 00 00 e8 8a 55 ca                           ....่Uส         
[12/05/2026 14:17:01] Written data (COM11) 
    ff 03 00 00 08 00 82 00 e7 00 00 6d 00 00 00 00   ......็..m.... 
    00 00 00 00 00 00 00 00 00 00 00 00 00 00 00 00   ................ 
    00 00 00 00 00 00 00 fc                           .......         
[12/05/2026 14:17:01] Read data (COM11) 
    ff 03 00 01 09 00 82 01 00 00 00 00 8a 00 00 00   ............. 
    00 00 00 00 00 00 00 00 00 00 00 00 00 00 00 00   ................ 
    00 00 00 00 58 8b 56 78                           ....XVx         
[12/05/2026 14:17:01] Written data (COM11) 
    ff 03 00 00 08 00 82 00 e7 00 00 6d 00 00 00 00   ......็..m.... 
    00 00 00 00 00 00 00 00 00 00 00 00 00 00 00 00   ................ 
    00 00 00 00 00 00 00 fc                           .......         
[12/05/2026 14:17:01] Read data (COM11) 
    ff 03 00 01 09 00 82 01 00 00 00 00 8a 00 00 00   ............. 
    00 00 00 00 00 00 00 00 00 00 00 00 00 00 00 00   ................ 
    00 00 00 00 d4 8b 57 f5                           ....ิW๕         
[12/05/2026 14:17:01] Written data (COM11) 
    ff 03 00 00 16 00 82 00 40 00 41 00 49 00 a0 00   ......@.A.I. . 
    a4 00 a5 00 15 00 16 00 00 7e 00 00 00 00 00 00   ค.ฅ......~...... 
    00 00 00 00 00 00 00 fc                           .......         
[12/05/2026 14:17:01] Read data (COM11) 
    ff 01 00 02 25 00 82 a4 5a 00 00 a2 5a 00 00 e9   ...%.คZ..ขZ..้ 
    03 00 00 04 00 01 00 cc 61 c2 00 00 03 00 00 00   .......ฬaย...... 
    00 00 00 00 03 8c 58 09 ff 02 01 02 00 00 10 00   .....X........ 
    32 00 00 00 00 00 00 00 00 00 00 00 00 00 00 00   2............... 
    00 00 00 00 00 00 00 00 00 00 00 00 03 8c 59 0a   .............Y. 
[12/05/2026 14:17:01] Written data (COM11) 
    ff 03 00 00 0a 00 82 01 c5 01 c4 01 00 88 00 00   ......ล.ฤ.... 
    00 00 00 00 00 00 00 00 00 00 00 00 00 00 00 00   ................ 
    00 00 00 00 00 00 00 fc                           .......         
[12/05/2026 14:17:01] Read data (COM11) 
    ff 03 00 01 0d 00 82 00 00 00 80 ff ff ff 7f 00   ........€. 
    8f 00 00 00 00 00 00 00 00 00 00 00 00 00 00 00   ............... 
    00 00 00 00 04 8c 5a 2f                           .....Z/         
[12/05/2026 14:17:01] Written data (COM11) 
    ff 03 00 00 08 00 82 00 e7 00 00 6d 00 00 00 00   ......็..m.... 
    00 00 00 00 00 00 00 00 00 00 00 00 00 00 00 00   ................ 
    00 00 00 00 00 00 00 fc                           .......         
[12/05/2026 14:17:01] Read data (COM11) 
    ff 03 00 01 09 00 82 01 00 00 00 00 8a 00 00 00   ............. 
    00 00 00 00 00 00 00 00 00 00 00 00 00 00 00 00   ................ 
    00 00 00 00 40 8c 5b 6a                           ....@[j         
[12/05/2026 14:17:01] Written data (COM11) 
    ff 03 00 00 08 00 82 00 e7 00 00 6d 00 00 00 00   ......็..m.... 
    00 00 00 00 00 00 00 00 00 00 00 00 00 00 00 00   ................ 
    00 00 00 00 00 00 00 fc                           .......         
[12/05/2026 14:17:01] Read data (COM11) 
    ff 03 00 01 09 00 82 01 00 00 00 00 8a 00 00 00   ............. 
    00 00 00 00 00 00 00 00 00 00 00 00 00 00 00 00   ................ 
    00 00 00 00 ae 8c 5c 83                           ....ฎ\         
[12/05/2026 14:17:01] Written data (COM11) 
    ff 03 00 00 08 00 82 00 e7 00 00 6d 00 00 00 00   ......็..m.... 
    00 00 00 00 00 00 00 00 00 00 00 00 00 00 00 00   ................ 
    00 00 00 00 00 00 00 fc                           .......         
[12/05/2026 14:17:01] Read data (COM11) 
    ff 03 00 01 09 00 82 01 00 00 00 00 8a 00 00 00   ............. 
    00 00 00 00 00 00 00 00 00 00 00 00 00 00 00 00   ................ 
    00 00 00 00 29 8d 5d 04                           ....)].         
[12/05/2026 14:17:01] Written data (COM11) 
    ff 03 00 00 16 00 82 00 40 00 41 00 49 00 a0 00   ......@.A.I. . 
    a4 00 a5 00 15 00 16 00 00 7e 00 00 00 00 00 00   ค.ฅ......~...... 
    00 00 00 00 00 00 00 fc                           .......         
[12/05/2026 14:17:01] Read data (COM11) 
    ff 01 00 02 25 00 82 04 5c 00 00 02 5c 00 00 d1   ...%..\...\..ั 
    03 00 00 04 00 01 00 cc 61 c2 00 00 03 00 00 00   .......ฬaย...... 
    00 00 00 00 63 8d 5e 56 ff 02 01 02 00 00 10 00   ....c^V....... 
    0a 00 00 00 00 00 00 00 00 00 00 00 00 00 00 00   ................ 
    00 00 00 00 00 00 00 00 00 00 00 00 63 8d 5f 55   ............c_U 
[12/05/2026 14:17:01] Written data (COM11) 
    ff 03 00 00 0a 00 82 01 c5 01 c4 01 00 88 00 00   ......ล.ฤ.... 
    00 00 00 00 00 00 00 00 00 00 00 00 00 00 00 00   ................ 
    00 00 00 00 00 00 00 fc                           .......         
[12/05/2026 14:17:01] Read data (COM11) 
    ff 03 00 01 0d 00 82 00 00 00 80 ff ff ff 7f 00   ........€. 
    8f 00 00 00 00 00 00 00 00 00 00 00 00 00 00 00   ............... 
    00 00 00 00 64 8d 60 74                           ....d`t         
[12/05/2026 14:17:01] Written data (COM11) 
    ff 03 00 00 08 00 82 00 e7 00 00 6d 00 00 00 00   ......็..m.... 
    00 00 00 00 00 00 00 00 00 00 00 00 00 00 00 00   ................ 
    00 00 00 00 00 00 00 fc                           .......         
[12/05/2026 14:17:01] Read data (COM11) 
    ff 03 00 01 09 00 82 01 00 00 00 00 8a 00 00 00   ............. 
    00 00 00 00 00 00 00 00 00 00 00 00 00 00 00 00   ................ 
    00 00 00 00 98 8d 61 89                           ....a         
[12/05/2026 14:17:02] Written data (COM11) 
    ff 03 00 00 08 00 82 00 e7 00 00 6d 00 00 00 00   ......็..m.... 
    00 00 00 00 00 00 00 00 00 00 00 00 00 00 00 00   ................ 
    00 00 00 00 00 00 00 fc                           .......         
[12/05/2026 14:17:02] Read data (COM11) 
    ff 03 00 01 09 00 82 01 00 00 00 00 8a 00 00 00   ............. 
    00 00 00 00 00 00 00 00 00 00 00 00 00 00 00 00   ................ 
    00 00 00 00 14 8e 62 05                           .....b.         
[12/05/2026 14:17:02] Written data (COM11) 
    ff 03 00 00 08 00 82 00 e7 00 00 6d 00 00 00 00   ......็..m.... 
    00 00 00 00 00 00 00 00 00 00 00 00 00 00 00 00   ................ 
    00 00 00 00 00 00 00 fc                           .......         
[12/05/2026 14:17:02] Read data (COM11) 
    ff 03 00 01 09 00 82 01 00 00 00 00 8a 00 00 00   ............. 
    00 00 00 00 00 00 00 00 00 00 00 00 00 00 00 00   ................ 
    00 00 00 00 81 8e 63 91                           ....c‘         
[12/05/2026 14:17:02] Written data (COM11) 
    ff 03 00 00 16 00 82 00 40 00 41 00 49 00 a0 00   ......@.A.I. . 
    a4 00 a5 00 15 00 16 00 00 7e 00 00 00 00 00 00   ค.ฅ......~...... 
    00 00 00 00 00 00 00 fc                           .......         
[12/05/2026 14:17:02] Read data (COM11) 
    ff 01 00 02 25 00 82 59 5d 00 00 57 5d 00 00 e9   ...%.Y]..W]..้ 
    03 00 00 04 00 01 00 cc 61 c2 00 00 03 00 00 00   .......ฬaย...... 
    00 00 00 00 b8 8e 64 84 ff 02 01 02 00 00 10 00   ....ธd....... 
    3a 00 00 00 00 00 00 00 00 00 00 00 00 00 00 00   :............... 
    00 00 00 00 00 00 00 00 00 00 00 00 b8 8e 65 87   ............ธe 
[12/05/2026 14:17:02] Written data (COM11) 
    ff 03 00 00 0a 00 82 01 c5 01 c4 01 00 88 00 00   ......ล.ฤ.... 
    00 00 00 00 00 00 00 00 00 00 00 00 00 00 00 00   ................ 
    00 00 00 00 00 00 00 fc                           .......         
[12/05/2026 14:17:02] Read data (COM11) 
    ff 03 00 01 0d 00 82 00 00 00 80 ff ff ff 7f 00   ........€. 
    8f 00 00 00 00 00 00 00 00 00 00 00 00 00 00 00   ............... 
    00 00 00 00 b9 8e 66 ac                           ....นfฌ         
[12/05/2026 14:17:02] Written data (COM11) 
    ff 03 00 00 08 00 82 00 e7 00 00 6d 00 00 00 00   ......็..m.... 
    00 00 00 00 00 00 00 00 00 00 00 00 00 00 00 00   ................ 
    00 00 00 00 00 00 00 fc                           .......         
[12/05/2026 14:17:02] Read data (COM11) 
    ff 03 00 01 09 00 82 01 00 00 00 00 8a 00 00 00   ............. 
    00 00 00 00 00 00 00 00 00 00 00 00 00 00 00 00   ................ 
    00 00 00 00 01 8f 67 14                           .....g.         
