[12/05/2026 14:18:11] Written data (COM11) 
    06                                                .                
[12/05/2026 14:18:11] Read data (COM11) 
    86                                                                
[12/05/2026 14:18:11] Written data (COM11) 
    ff 03 00 00 10 00 82 00 00 00 01 00 02 00 03 00   .............. 
    f0 00 00 62 00 00 00 00 00 00 00 00 00 00 00 00   ๐..b............ 
    00 00 00 00 00 00 00 fc                           .......         
[12/05/2026 14:18:11] Read data (COM11) 
    ff 03 00 01 19 00 82 40 30 00 00 00 00 00 00 01   .....@0....... 
    60 00 00 19 20 00 00 01 00 00 00 00 b2 00 00 00   `... .......ฒ... 
    00 00 00 00 37 9f 00 55                           ....7.U         
[12/05/2026 14:18:11] Written data (COM11) 
    ff 03 00 00 0a 00 82 01 f6 09 f7 09 00 88 00 00   ......๖.๗.... 
    00 00 00 00 00 00 00 00 00 00 00 00 00 00 00 00   ................ 
    00 00 00 00 00 00 00 fc                           .......         
[12/05/2026 14:18:11] Read data (COM11) 
    ff 03 00 01 0d 00 82 00 00 00 00 00 00 00 00 00   .............. 
    8f 00 00 00 00 00 00 00 00 00 00 00 00 00 00 00   ............... 
    00 00 00 00 38 9f 01 5b                           ....8.[         
[12/05/2026 14:18:11] Written data (COM11) 
    ff 03 00 00 05 00 03 00 06 00 00 00 00 00 00 00   ............... 
    00 00 00 00 00 00 00 00 00 00 00 00 00 00 00 00   ................ 
    00 00 00 00 00 00 00 fc                           .......         
[12/05/2026 14:18:12] Read data (COM11) 
    ff 03 00 01 05 00 03 00 06 00 00 00 00 00 00 00   ............... 
    00 00 00 00 00 00 00 00 00 00 00 00 00 00 00 00   ................ 
    00 00 00 00 3e 9f 02 5e                           ....>.^         
[12/05/2026 14:18:12] Written data (COM11) 
    06                                                .                
[12/05/2026 14:18:12] Read data (COM11) 
    86                                                                
[12/05/2026 14:18:12] Written data (COM11) 
    ff 03 00 00 08 00 82 00 05 00 00 8f 00 00 00 00   ............. 
    00 00 00 00 00 00 00 00 00 00 00 00 00 00 00 00   ................ 
    00 00 00 00 00 00 00 fc                           .......         
[12/05/2026 14:18:12] Read data (COM11) 
    ff 03 00 01 09 00 82 ff ff ff ff 00 8b 00 00 00   ......... 
    00 00 00 00 00 00 00 00 00 00 00 00 00 00 00 00   ................ 
    00 00 00 00 f0 9f 00 92                           ....๐.’         
[12/05/2026 14:18:12] Written data (COM11) 
    ff 03 00 00 16 00 82 00 40 00 41 00 49 00 a0 00   ......@.A.I. . 
    a4 00 a5 00 15 00 16 00 00 7e 00 00 00 00 00 00   ค.ฅ......~...... 
    00 00 00 00 00 00 00 fc                           .......         
[12/05/2026 14:18:12] Read data (COM11) 
    ff 01 00 02 25 00 82 a8 61 00 00 a8 61 00 00 00   ...%.จa..จa... 
    00 00 00 04 00 01 00 3c c4 c2 10 00 03 00 00 00   .......<ฤย...... 
    00 00 00 00 f6 9f 01 1f ff 02 01 02 00 00 00 00   ....๖......... 
    8b 00 00 00 00 00 00 00 00 00 00 00 00 00 00 00   ............... 
    00 00 00 00 00 00 00 00 00 00 00 00 f6 9f 02 1e   ............๖.. 
[12/05/2026 14:18:12] Written data (COM11) 
    ff 03 00 00 0a 00 82 01 c5 01 c4 01 00 88 00 00   ......ล.ฤ.... 
    00 00 00 00 00 00 00 00 00 00 00 00 00 00 00 00   ................ 
    00 00 00 00 00 00 00 fc                           .......         
[12/05/2026 14:18:12] Read data (COM11) 
    ff 03 00 01 0d 00 82 00 00 00 80 ff ff ff 7f 00   ........€. 
    8f 00 00 00 00 00 00 00 00 00 00 00 00 00 00 00   ............... 
    00 00 00 00 f7 9f 03 96                           ....๗.–         
[12/05/2026 14:18:12] Written data (COM11) 
    ff 03 00 00 16 00 82 00 40 00 41 00 49 00 a0 00   ......@.A.I. . 
    a4 00 a5 00 15 00 16 00 00 7e 00 00 00 00 00 00   ค.ฅ......~...... 
    00 00 00 00 00 00 00 fc                           .......         
[12/05/2026 14:18:12] Read data (COM11) 
    ff 01 00 02 25 00 82 a8 61 00 00 a8 61 00 00 00   ...%.จa..จa... 
    00 00 00 04 00 01 00 3c c4 c2 10 00 03 00 00 00   .......<ฤย...... 
    00 00 00 00 41 a1 04 93 ff 02 01 02 00 00 00 00   ....Aก.“....... 
    8b 00 00 00 00 00 00 00 00 00 00 00 00 00 00 00   ............... 
    00 00 00 00 00 00 00 00 00 00 00 00 41 a1 05 90   ............Aก. 
[12/05/2026 14:18:12] Written data (COM11) 
    ff 03 00 00 0a 00 82 01 c5 01 c4 01 00 88 00 00   ......ล.ฤ.... 
    00 00 00 00 00 00 00 00 00 00 00 00 00 00 00 00   ................ 
    00 00 00 00 00 00 00 fc                           .......         
[12/05/2026 14:18:12] Read data (COM11) 
    ff 03 00 01 0d 00 82 00 00 00 80 ff ff ff 7f 00   ........€. 
    8f 00 00 00 00 00 00 00 00 00 00 00 00 00 00 00   ............... 
    00 00 00 00 42 a1 06 18                           ....Bก..         
[12/05/2026 14:18:12] Written data (COM11) 
    ff 03 00 00 16 00 82 00 40 00 41 00 49 00 a0 00   ......@.A.I. . 
    a4 00 a5 00 15 00 16 00 00 7e 00 00 00 00 00 00   ค.ฅ......~...... 
    00 00 00 00 00 00 00 fc                           .......         
[12/05/2026 14:18:12] Read data (COM11) 
    ff 01 00 02 25 00 82 a8 61 00 00 a8 61 00 00 00   ...%.จa..จa... 
    00 00 00 04 00 01 00 3c c4 c2 10 00 03 00 00 00   .......<ฤย...... 
    00 00 00 00 8b a2 07 59 ff 02 01 02 00 00 00 00   ....ข.Y....... 
    8b 00 00 00 00 00 00 00 00 00 00 00 00 00 00 00   ............... 
    00 00 00 00 00 00 00 00 00 00 00 00 8b a2 08 54   ............ข.T 
[12/05/2026 14:18:12] Written data (COM11) 
    ff 03 00 00 0a 00 82 01 c5 01 c4 01 00 88 00 00   ......ล.ฤ.... 
    00 00 00 00 00 00 00 00 00 00 00 00 00 00 00 00   ................ 
    00 00 00 00 00 00 00 fc                           .......         
[12/05/2026 14:18:12] Read data (COM11) 
    ff 03 00 01 0d 00 82 00 00 00 80 ff ff ff 7f 00   ........€. 
    8f 00 00 00 00 00 00 00 00 00 00 00 00 00 00 00   ............... 
    00 00 00 00 8c a2 09 da                           ....ข.ฺ         
[12/05/2026 14:18:13] Written data (COM11) 
    ff 03 00 00 16 00 82 00 40 00 41 00 49 00 a0 00   ......@.A.I. . 
    a4 00 a5 00 15 00 16 00 00 7e 00 00 00 00 00 00   ค.ฅ......~...... 
    00 00 00 00 00 00 00 fc                           .......         
[12/05/2026 14:18:13] Read data (COM11) 
    ff 01 00 02 25 00 82 a8 61 00 00 a8 61 00 00 00   ...%.จa..จa... 
    00 00 00 04 00 01 00 3c c4 c2 10 00 03 00 00 00   .......<ฤย...... 
    00 00 00 00 d1 a3 0a 0f ff 02 01 02 00 00 00 00   ....ัฃ......... 
    8b 00 00 00 00 00 00 00 00 00 00 00 00 00 00 00   ............... 
    00 00 00 00 00 00 00 00 00 00 00 00 d1 a3 0b 0c   ............ัฃ.. 
[12/05/2026 14:18:13] Written data (COM11) 
    ff 03 00 00 0a 00 82 01 c5 01 c4 01 00 88 00 00   ......ล.ฤ.... 
    00 00 00 00 00 00 00 00 00 00 00 00 00 00 00 00   ................ 
    00 00 00 00 00 00 00 fc                           .......         
[12/05/2026 14:18:13] Read data (COM11) 
    ff 03 00 01 0d 00 82 00 00 00 80 ff ff ff 7f 00   ........€. 
    8f 00 00 00 00 00 00 00 00 00 00 00 00 00 00 00   ............... 
    00 00 00 00 d2 a3 0c 80                           ....าฃ.€         
[12/05/2026 14:18:13] Written data (COM11) 
    ff 03 00 00 16 00 82 00 40 00 41 00 49 00 a0 00   ......@.A.I. . 
    a4 00 a5 00 15 00 16 00 00 7e 00 00 00 00 00 00   ค.ฅ......~...... 
    00 00 00 00 00 00 00 fc                           .......         
[12/05/2026 14:18:13] Read data (COM11) 
    ff 01 00 02 25 00 82 a8 61 00 00 a8 61 00 00 00   ...%.จa..จa... 
    00 00 00 04 00 01 00 3c c4 c2 10 00 03 00 00 00   .......<ฤย...... 
    00 00 00 00 17 a5 0d c8 ff 02 01 02 00 00 00 00   .....ฅ.ศ....... 
    8b 00 00 00 00 00 00 00 00 00 00 00 00 00 00 00   ............... 
    00 00 00 00 00 00 00 00 00 00 00 00 17 a5 0e c9   .............ฅ.ษ 
[12/05/2026 14:18:13] Written data (COM11) 
    ff 03 00 00 0a 00 82 01 c5 01 c4 01 00 88 00 00   ......ล.ฤ.... 
    00 00 00 00 00 00 00 00 00 00 00 00 00 00 00 00   ................ 
    00 00 00 00 00 00 00 fc                           .......         
[12/05/2026 14:18:13] Read data (COM11) 
    ff 03 00 01 0d 00 82 00 00 00 80 ff ff ff 7f 00   ........€. 
    8f 00 00 00 00 00 00 00 00 00 00 00 00 00 00 00   ............... 
    00 00 00 00 18 a5 0f 4f                           .....ฅ.O         
[12/05/2026 14:18:13] Written data (COM11) 
    ff 03 00 00 16 00 82 00 40 00 41 00 49 00 a0 00   ......@.A.I. . 
    a4 00 a5 00 15 00 16 00 00 7e 00 00 00 00 00 00   ค.ฅ......~...... 
    00 00 00 00 00 00 00 fc                           .......         
[12/05/2026 14:18:13] Read data (COM11) 
    ff 01 00 02 25 00 82 a8 61 00 00 a8 61 00 00 00   ...%.จa..จa... 
    00 00 00 04 00 01 00 3c c4 c2 10 00 03 00 00 00   .......<ฤย...... 
    00 00 00 00 60 a6 10 a1 ff 02 01 02 00 00 00 00   ....`ฆ.ก....... 
    8b 00 00 00 00 00 00 00 00 00 00 00 00 00 00 00   ............... 
    00 00 00 00 00 00 00 00 00 00 00 00 60 a6 11 a2   ............`ฆ.ข 
[12/05/2026 14:18:13] Written data (COM11) 
    ff 03 00 00 0a 00 82 01 c5 01 c4 01 00 88 00 00   ......ล.ฤ.... 
    00 00 00 00 00 00 00 00 00 00 00 00 00 00 00 00   ................ 
    00 00 00 00 00 00 00 fc                           .......         
[12/05/2026 14:18:13] Read data (COM11) 
    ff 03 00 01 0d 00 82 00 00 00 80 ff ff ff 7f 00   ........€. 
    8f 00 00 00 00 00 00 00 00 00 00 00 00 00 00 00   ............... 
    00 00 00 00 61 a6 12 28                           ....aฆ.(         
[12/05/2026 14:18:14] Written data (COM11) 
    ff 03 00 00 16 00 82 00 40 00 41 00 49 00 a0 00   ......@.A.I. . 
    a4 00 a5 00 15 00 16 00 00 7e 00 00 00 00 00 00   ค.ฅ......~...... 
    00 00 00 00 00 00 00 fc                           .......         
[12/05/2026 14:18:14] Read data (COM11) 
    ff 01 00 02 25 00 82 a8 61 00 00 a8 61 00 00 00   ...%.จa..จa... 
    00 00 00 04 00 01 00 3c c4 c2 10 00 03 00 00 00   .......<ฤย...... 
    00 00 00 00 a3 a7 13 60 ff 02 01 02 00 00 00 00   ....ฃง.`....... 
    8b 00 00 00 00 00 00 00 00 00 00 00 00 00 00 00   ............... 
    00 00 00 00 00 00 00 00 00 00 00 00 a3 a7 14 65   ............ฃง.e 
[12/05/2026 14:18:14] Written data (COM11) 
    ff 03 00 00 0a 00 82 01 c5 01 c4 01 00 88 00 00   ......ล.ฤ.... 
    00 00 00 00 00 00 00 00 00 00 00 00 00 00 00 00   ................ 
    00 00 00 00 00 00 00 fc                           .......         
[12/05/2026 14:18:14] Read data (COM11) 
    ff 03 00 01 0d 00 82 00 00 00 80 ff ff ff 7f 00   ........€. 
    8f 00 00 00 00 00 00 00 00 00 00 00 00 00 00 00   ............... 
    00 00 00 00 a4 a7 15 eb                           ....คง.๋         
[12/05/2026 14:18:14] Written data (COM11) 
    ff 03 00 00 16 00 82 00 40 00 41 00 49 00 a0 00   ......@.A.I. . 
    a4 00 a5 00 15 00 16 00 00 7e 00 00 00 00 00 00   ค.ฅ......~...... 
    00 00 00 00 00 00 00 fc                           .......         
[12/05/2026 14:18:14] Read data (COM11) 
    ff 01 00 02 25 00 82 a8 61 00 00 a8 61 00 00 00   ...%.จa..จa... 
    00 00 00 04 00 01 00 3c c4 c2 10 00 03 00 00 00   .......<ฤย...... 
    00 00 00 00 e5 a8 16 2c ff 02 01 02 00 00 00 00   ....ๅจ.,....... 
    8b 00 00 00 00 00 00 00 00 00 00 00 00 00 00 00   ............... 
    00 00 00 00 00 00 00 00 00 00 00 00 e5 a8 17 2f   ............ๅจ./ 
[12/05/2026 14:18:14] Written data (COM11) 
    ff 03 00 00 0a 00 82 01 c5 01 c4 01 00 88 00 00   ......ล.ฤ.... 
    00 00 00 00 00 00 00 00 00 00 00 00 00 00 00 00   ................ 
    00 00 00 00 00 00 00 fc                           .......         
[12/05/2026 14:18:14] Read data (COM11) 
    ff 03 00 01 0d 00 82 00 00 00 80 ff ff ff 7f 00   ........€. 
    8f 00 00 00 00 00 00 00 00 00 00 00 00 00 00 00   ............... 
    00 00 00 00 e6 a8 18 ab                           ....ๆจ.ซ         
[12/05/2026 14:18:14] Written data (COM11) 
    ff 03 00 00 16 00 82 00 40 00 41 00 49 00 a0 00   ......@.A.I. . 
    a4 00 a5 00 15 00 16 00 00 7e 00 00 00 00 00 00   ค.ฅ......~...... 
    00 00 00 00 00 00 00 fc                           .......         
[12/05/2026 14:18:14] Read data (COM11) 
    ff 01 00 02 25 00 82 a8 61 00 00 a8 61 00 00 00   ...%.จa..จa... 
    00 00 00 04 00 01 00 3c c4 c2 10 00 03 00 00 00   .......<ฤย...... 
    00 00 00 00 30 aa 19 f4 ff 02 01 02 00 00 00 00   ....0ช.๔....... 
    8b 00 00 00 00 00 00 00 00 00 00 00 00 00 00 00   ............... 
    00 00 00 00 00 00 00 00 00 00 00 00 30 aa 1a f5   ............0ช.๕ 
[12/05/2026 14:18:14] Written data (COM11) 
    ff 03 00 00 0a 00 82 01 c5 01 c4 01 00 88 00 00   ......ล.ฤ.... 
    00 00 00 00 00 00 00 00 00 00 00 00 00 00 00 00   ................ 
    00 00 00 00 00 00 00 fc                           .......         
[12/05/2026 14:18:14] Read data (COM11) 
    ff 03 00 01 0d 00 82 00 00 00 80 ff ff ff 7f 00   ........€. 
    8f 00 00 00 00 00 00 00 00 00 00 00 00 00 00 00   ............... 
    00 00 00 00 44 aa 1b 08                           ....Dช..         
[12/05/2026 14:18:15] Written data (COM11) 
    ff 03 00 00 16 00 82 00 40 00 41 00 49 00 a0 00   ......@.A.I. . 
    a4 00 a5 00 15 00 16 00 00 7e 00 00 00 00 00 00   ค.ฅ......~...... 
    00 00 00 00 00 00 00 fc                           .......         
[12/05/2026 14:18:15] Read data (COM11) 
    ff 01 00 02 25 00 82 a8 61 00 00 a8 61 00 00 00   ...%.จa..จa... 
    00 00 00 04 00 01 00 3c c4 c2 10 00 03 00 00 00   .......<ฤย...... 
    00 00 00 00 8a ab 1c 4a ff 02 01 02 00 00 00 00   ....ซ.J....... 
    8b 00 00 00 00 00 00 00 00 00 00 00 00 00 00 00   ............... 
    00 00 00 00 00 00 00 00 00 00 00 00 8a ab 1d 49   ............ซ.I 
[12/05/2026 14:18:15] Written data (COM11) 
    ff 03 00 00 0a 00 82 01 c5 01 c4 01 00 88 00 00   ......ล.ฤ.... 
    00 00 00 00 00 00 00 00 00 00 00 00 00 00 00 00   ................ 
    00 00 00 00 00 00 00 fc                           .......         
[12/05/2026 14:18:15] Read data (COM11) 
    ff 03 00 01 0d 00 82 00 00 00 80 ff ff ff 7f 00   ........€. 
    8f 00 00 00 00 00 00 00 00 00 00 00 00 00 00 00   ............... 
    00 00 00 00 8b ab 1e c3                           ....ซ.ร         
[12/05/2026 14:18:15] Written data (COM11) 
    ff 03 00 00 08 00 82 00 00 01 00 8b 00 00 00 00   ............. 
    00 00 00 00 00 00 00 00 00 00 00 00 00 00 00 00   ................ 
    00 00 00 00 00 00 00 fc                           .......         
[12/05/2026 14:18:15] Read data (COM11) 
    ff 03 00 01 09 00 82 c3 24 43 76 00 59 00 00 00   .....ร$Cv.Y... 
    00 00 00 00 00 00 00 00 00 00 00 00 00 00 00 00   ................ 
    00 00 00 00 4d ac 1f 03                           ....Mฌ..         
[12/05/2026 14:18:15] Written data (COM11) 
    ff 03 00 00 08 00 82 00 e6 00 00 6c 00 00 00 00   ......ๆ..l.... 
    00 00 00 00 00 00 00 00 00 00 00 00 00 00 00 00   ................ 
    00 00 00 00 00 00 00 fc                           .......         
[12/05/2026 14:18:15] Read data (COM11) 
    ff 03 00 01 09 00 82 00 00 00 00 00 8b 00 00 00   ............. 
    00 00 00 00 00 00 00 00 00 00 00 00 00 00 00 00   ................ 
    00 00 00 00 51 ac 20 20                           ....Qฌ           
[12/05/2026 14:18:15] Written data (COM11) 
    ff 03 00 00 08 00 82 00 e5 00 00 6f 00 00 00 00   ......ๅ..o.... 
    00 00 00 00 00 00 00 00 00 00 00 00 00 00 00 00   ................ 
    00 00 00 00 00 00 00 fc                           .......         
[12/05/2026 14:18:15] Read data (COM11) 
    ff 03 00 01 09 00 82 00 00 00 00 00 8b 00 00 00   ............. 
    00 00 00 00 00 00 00 00 00 00 00 00 00 00 00 00   ................ 
    00 00 00 00 57 ac 21 27                           ....Wฌ!'         
[12/05/2026 14:18:15] Written data (COM11) 
    ff 03 00 00 0c 00 83 00 82 01 01 00 00 00 00 0d   ............. 
    00 00 00 00 00 00 00 00 00 00 00 00 00 00 00 00   ................ 
    00 00 00 00 00 00 00 fc                           .......         
[12/05/2026 14:18:15] Read data (COM11) 
    ff 03 00 01 06 00 83 00 00 85 00 00 00 00 00 00   .......…...... 
    00 00 00 00 00 00 00 00 00 00 00 00 00 00 00 00   ................ 
    00 00 00 00 5a ac 22 29                           ....Zฌ")         
[12/05/2026 14:18:15] Written data (COM11) 
    ff 03 00 00 16 00 82 00 40 00 41 00 49 00 a0 00   ......@.A.I. . 
    a4 00 a5 00 15 00 16 00 00 7e 00 00 00 00 00 00   ค.ฅ......~...... 
    00 00 00 00 00 00 00 fc                           .......         
[12/05/2026 14:18:15] Read data (COM11) 
    ff 01 00 02 25 00 82 a8 61 00 00 a8 61 00 00 00   ...%.จa..จa... 
    00 00 00 04 00 01 00 8c c5 c2 10 00 03 00 00 00   .......ลย...... 
    00 00 00 00 c4 ac 23 8d ff 02 01 02 00 00 10 00   ....ฤฌ#....... 
    2a 00 00 00 00 00 00 00 00 00 00 00 00 00 00 00   *............... 
    00 00 00 00 00 00 00 00 00 00 00 00 c4 ac 24 88   ............ฤฌ$ 
[12/05/2026 14:18:15] Written data (COM11) 
    ff 03 00 00 0a 00 82 01 c5 01 c4 01 00 88 00 00   ......ล.ฤ.... 
    00 00 00 00 00 00 00 00 00 00 00 00 00 00 00 00   ................ 
    00 00 00 00 00 00 00 fc                           .......         
[12/05/2026 14:18:15] Read data (COM11) 
    ff 03 00 01 0d 00 82 00 00 00 80 ff ff ff 7f 00   ........€. 
    8f 00 00 00 00 00 00 00 00 00 00 00 00 00 00 00   ............... 
    00 00 00 00 c5 ac 25 b1                           ....ลฌ%ฑ         
[12/05/2026 14:18:15] Written data (COM11) 
    ff 03 00 00 16 00 82 00 40 00 41 00 49 00 a0 00   ......@.A.I. . 
    a4 00 a5 00 15 00 16 00 00 7e 00 00 00 00 00 00   ค.ฅ......~...... 
    00 00 00 00 00 00 00 fc                           .......         
[12/05/2026 14:18:15] Read data (COM11) 
    ff 01 00 02 25 00 82 a8 61 00 00 a8 61 00 00 00   ...%.จa..จa... 
    00 00 00 04 00 01 00 8c c5 c2 10 00 03 00 00 00   .......ลย...... 
    00 00 00 00 0f ae 26 41 ff 02 01 02 00 00 10 00   .....ฎ&A....... 
    2a 00 00 00 00 00 00 00 00 00 00 00 00 00 00 00   *............... 
    00 00 00 00 00 00 00 00 00 00 00 00 0f ae 27 42   .............ฎ'B 
[12/05/2026 14:18:15] Written data (COM11) 
    ff 03 00 00 0a 00 82 01 c5 01 c4 01 00 88 00 00   ......ล.ฤ.... 
    00 00 00 00 00 00 00 00 00 00 00 00 00 00 00 00   ................ 
    00 00 00 00 00 00 00 fc                           .......         
[12/05/2026 14:18:15] Read data (COM11) 
    ff 03 00 01 0d 00 82 00 00 00 80 ff ff ff 7f 00   ........€. 
    8f 00 00 00 00 00 00 00 00 00 00 00 00 00 00 00   ............... 
    00 00 00 00 10 ae 28 6b                           .....ฎ(k         
[12/05/2026 14:18:16] Written data (COM11) 
    ff 03 00 00 16 00 82 00 40 00 41 00 49 00 a0 00   ......@.A.I. . 
    a4 00 a5 00 15 00 16 00 00 7e 00 00 00 00 00 00   ค.ฅ......~...... 
    00 00 00 00 00 00 00 fc                           .......         
[12/05/2026 14:18:16] Read data (COM11) 
    ff 01 00 02 25 00 82 a8 61 00 00 a8 61 00 00 00   ...%.จa..จa... 
    00 00 00 04 00 01 00 8c c5 c2 10 00 03 00 00 00   .......ลย...... 
    00 00 00 00 58 af 29 18 ff 02 01 02 00 00 10 00   ....Xฏ)........ 
    2a 00 00 00 00 00 00 00 00 00 00 00 00 00 00 00   *............... 
    00 00 00 00 00 00 00 00 00 00 00 00 58 af 2a 19   ............Xฏ*. 
[12/05/2026 14:18:16] Written data (COM11) 
    ff 03 00 00 0a 00 82 01 c5 01 c4 01 00 88 00 00   ......ล.ฤ.... 
    00 00 00 00 00 00 00 00 00 00 00 00 00 00 00 00   ................ 
    00 00 00 00 00 00 00 fc                           .......         
[12/05/2026 14:18:16] Read data (COM11) 
    ff 03 00 01 0d 00 82 00 00 00 80 ff ff ff 7f 00   ........€. 
    8f 00 00 00 00 00 00 00 00 00 00 00 00 00 00 00   ............... 
    00 00 00 00 59 af 2b 20                           ....Yฏ+          
[12/05/2026 14:18:16] Written data (COM11) 
    ff 03 00 00 16 00 82 00 40 00 41 00 49 00 a0 00   ......@.A.I. . 
    a4 00 a5 00 15 00 16 00 00 7e 00 00 00 00 00 00   ค.ฅ......~...... 
    00 00 00 00 00 00 00 fc                           .......         
[12/05/2026 14:18:16] Read data (COM11) 
    ff 01 00 02 25 00 82 a8 61 00 00 a8 61 00 00 18   ...%.จa..จa... 
    00 00 00 04 00 01 00 8c c5 c2 10 00 03 00 00 00   .......ลย...... 
    00 00 00 00 9e b0 2c dc ff 02 01 02 00 00 10 00   ....ฐ,....... 
    32 00 00 00 00 00 00 00 00 00 00 00 00 00 00 00   2............... 
    00 00 00 00 00 00 00 00 00 00 00 00 9e b0 2d df   ............ฐ-฿ 
[12/05/2026 14:18:16] Written data (COM11) 
    ff 03 00 00 0a 00 82 01 c5 01 c4 01 00 88 00 00   ......ล.ฤ.... 
    00 00 00 00 00 00 00 00 00 00 00 00 00 00 00 00   ................ 
    00 00 00 00 00 00 00 fc                           .......         
[12/05/2026 14:18:16] Read data (COM11) 
    ff 03 00 01 0d 00 82 00 00 00 80 ff ff ff 7f 00   ........€. 
    8f 00 00 00 00 00 00 00 00 00 00 00 00 00 00 00   ............... 
    00 00 00 00 9f b0 2e fc                           ....ฐ.         
[12/05/2026 14:18:16] Written data (COM11) 
    ff 03 00 00 16 00 82 00 40 00 41 00 49 00 a0 00   ......@.A.I. . 
    a4 00 a5 00 15 00 16 00 00 7e 00 00 00 00 00 00   ค.ฅ......~...... 
    00 00 00 00 00 00 00 fc                           .......         
[12/05/2026 14:18:16] Read data (COM11) 
    ff 01 00 02 25 00 82 a8 61 00 00 a8 61 00 00 00   ...%.จa..จa... 
    00 00 00 04 00 01 00 8c c5 c2 10 00 03 00 00 00   .......ลย...... 
    00 00 00 00 d8 b1 2f 80 ff 02 01 02 00 00 10 00   ....ุฑ/€....... 
    2a 00 00 00 00 00 00 00 00 00 00 00 00 00 00 00   *............... 
    00 00 00 00 00 00 00 00 00 00 00 00 d8 b1 30 9d   ............ุฑ0 
[12/05/2026 14:18:16] Written data (COM11) 
    ff 03 00 00 0a 00 82 01 c5 01 c4 01 00 88 00 00   ......ล.ฤ.... 
    00 00 00 00 00 00 00 00 00 00 00 00 00 00 00 00   ................ 
    00 00 00 00 00 00 00 fc                           .......         
[12/05/2026 14:18:16] Read data (COM11) 
    ff 03 00 01 0d 00 82 00 00 00 80 ff ff ff 7f 00   ........€. 
    8f 00 00 00 00 00 00 00 00 00 00 00 00 00 00 00   ............... 
    00 00 00 00 d9 b1 31 a4                           ....ูฑ1ค         
[12/05/2026 14:18:17] Written data (COM11) 
    ff 03 00 00 16 00 82 00 40 00 41 00 49 00 a0 00   ......@.A.I. . 
    a4 00 a5 00 15 00 16 00 00 7e 00 00 00 00 00 00   ค.ฅ......~...... 
    00 00 00 00 00 00 00 fc                           .......         
[12/05/2026 14:18:17] Read data (COM11) 
    ff 01 00 02 25 00 82 a8 61 00 00 a8 61 00 00 00   ...%.จa..จa... 
    00 00 00 04 00 01 00 8c c5 c2 10 00 03 00 00 00   .......ลย...... 
    00 00 00 00 23 b3 32 64 ff 02 01 02 00 00 10 00   ....#ณ2d....... 
    2a 00 00 00 00 00 00 00 00 00 00 00 00 00 00 00   *............... 
    00 00 00 00 00 00 00 00 00 00 00 00 23 b3 33 67   ............#ณ3g 
[12/05/2026 14:18:17] Written data (COM11) 
    ff 03 00 00 0a 00 82 01 c5 01 c4 01 00 88 00 00   ......ล.ฤ.... 
    00 00 00 00 00 00 00 00 00 00 00 00 00 00 00 00   ................ 
    00 00 00 00 00 00 00 fc                           .......         
[12/05/2026 14:18:17] Read data (COM11) 
    ff 03 00 01 0d 00 82 00 00 00 80 ff ff ff 7f 00   ........€. 
    8f 00 00 00 00 00 00 00 00 00 00 00 00 00 00 00   ............... 
    00 00 00 00 24 b3 34 5e                           ....$ณ4^         
[12/05/2026 14:18:17] Written data (COM11) 
    ff 03 00 00 16 00 82 00 40 00 41 00 49 00 a0 00   ......@.A.I. . 
    a4 00 a5 00 15 00 16 00 00 7e 00 00 00 00 00 00   ค.ฅ......~...... 
    00 00 00 00 00 00 00 fc                           .......         
[12/05/2026 14:18:17] Read data (COM11) 
    ff 01 00 02 25 00 82 a8 61 00 00 a8 61 00 00 00   ...%.จa..จa... 
    00 00 00 04 00 01 00 8c c5 c2 10 00 03 00 00 00   .......ลย...... 
    00 00 00 00 67 b4 35 20 ff 02 01 02 00 00 10 00   ....gด5 ....... 
    2a 00 00 00 00 00 00 00 00 00 00 00 00 00 00 00   *............... 
    00 00 00 00 00 00 00 00 00 00 00 00 67 b4 36 21   ............gด6! 
[12/05/2026 14:18:17] Written data (COM11) 
    ff 03 00 00 0a 00 82 01 c5 01 c4 01 00 88 00 00   ......ล.ฤ.... 
    00 00 00 00 00 00 00 00 00 00 00 00 00 00 00 00   ................ 
    00 00 00 00 00 00 00 fc                           .......         
[12/05/2026 14:18:17] Read data (COM11) 
    ff 03 00 01 0d 00 82 00 00 00 80 ff ff ff 7f 00   ........€. 
    8f 00 00 00 00 00 00 00 00 00 00 00 00 00 00 00   ............... 
    00 00 00 00 68 b4 37 16                           ....hด7.         
[12/05/2026 14:18:17] Written data (COM11) 
    ff 03 00 00 16 00 82 00 40 00 41 00 49 00 a0 00   ......@.A.I. . 
    a4 00 a5 00 15 00 16 00 00 7e 00 00 00 00 00 00   ค.ฅ......~...... 
    00 00 00 00 00 00 00 fc                           .......         
[12/05/2026 14:18:17] Read data (COM11) 
    ff 01 00 02 25 00 82 a8 61 00 00 a8 61 00 00 00   ...%.จa..จa... 
    00 00 00 04 00 01 00 8c c5 c2 10 00 03 00 00 00   .......ลย...... 
    00 00 00 00 ae b5 38 e5 ff 02 01 02 00 00 10 00   ....ฎต8ๅ....... 
    2a 00 00 00 00 00 00 00 00 00 00 00 00 00 00 00   *............... 
    00 00 00 00 00 00 00 00 00 00 00 00 ae b5 39 e6   ............ฎต9ๆ 
[12/05/2026 14:18:17] Written data (COM11) 
    ff 03 00 00 0a 00 82 01 c5 01 c4 01 00 88 00 00   ......ล.ฤ.... 
    00 00 00 00 00 00 00 00 00 00 00 00 00 00 00 00   ................ 
    00 00 00 00 00 00 00 fc                           .......         
[12/05/2026 14:18:17] Read data (COM11) 
    ff 03 00 01 0d 00 82 00 00 00 80 ff ff ff 7f 00   ........€. 
    8f 00 00 00 00 00 00 00 00 00 00 00 00 00 00 00   ............... 
    00 00 00 00 af b5 3a dd                           ....ฏต:         
[12/05/2026 14:18:18] Written data (COM11) 
    ff 03 00 00 16 00 82 00 40 00 41 00 49 00 a0 00   ......@.A.I. . 
    a4 00 a5 00 15 00 16 00 00 7e 00 00 00 00 00 00   ค.ฅ......~...... 
    00 00 00 00 00 00 00 fc                           .......         
[12/05/2026 14:18:18] Read data (COM11) 
    ff 01 00 02 25 00 82 a8 61 00 00 a8 61 00 00 00   ...%.จa..จa... 
    00 00 00 04 00 01 00 8c c5 c2 10 00 03 00 00 00   .......ลย...... 
    00 00 00 00 f6 b6 3b bd ff 02 01 02 00 00 10 00   ....๖ถ;ฝ....... 
    2a 00 00 00 00 00 00 00 00 00 00 00 00 00 00 00   *............... 
    00 00 00 00 00 00 00 00 00 00 00 00 f6 b6 3c b8   ............๖ถ<ธ 
[12/05/2026 14:18:18] Written data (COM11) 
    ff 03 00 00 0a 00 82 01 c5 01 c4 01 00 88 00 00   ......ล.ฤ.... 
    00 00 00 00 00 00 00 00 00 00 00 00 00 00 00 00   ................ 
    00 00 00 00 00 00 00 fc                           .......         
[12/05/2026 14:18:18] Read data (COM11) 
    ff 03 00 01 0d 00 82 00 00 00 80 ff ff ff 7f 00   ........€. 
    8f 00 00 00 00 00 00 00 00 00 00 00 00 00 00 00   ............... 
    00 00 00 00 f7 b6 3d 81                           ....๗ถ=         
[12/05/2026 14:18:18] Written data (COM11) 
    ff 03 00 00 0c 00 83 00 9b 01 01 00 00 00 00 14   ............. 
    00 00 00 00 00 00 00 00 00 00 00 00 00 00 00 00   ................ 
    00 00 00 00 00 00 00 fc                           .......         
[12/05/2026 14:18:18] Read data (COM11) 
    ff 03 00 01 06 00 83 00 00 85 00 00 00 00 00 00   .......…...... 
    00 00 00 00 00 00 00 00 00 00 00 00 00 00 00 00   ................ 
    00 00 00 00 36 b7 3e 42                           ....6ท>B         
[12/05/2026 14:18:18] Written data (COM11) 
    ff 03 00 00 08 00 82 00 e7 00 00 6d 00 00 00 00   ......็..m.... 
    00 00 00 00 00 00 00 00 00 00 00 00 00 00 00 00   ................ 
    00 00 00 00 00 00 00 fc                           .......         
[12/05/2026 14:18:18] Read data (COM11) 
    ff 03 00 01 09 00 82 00 00 00 00 00 8b 00 00 00   ............. 
    00 00 00 00 00 00 00 00 00 00 00 00 00 00 00 00   ................ 
    00 00 00 00 53 b7 3f 26                           ....Sท?&         
[12/05/2026 14:18:18] Written data (COM11) 
    ff 03 00 00 08 00 82 00 e7 00 00 6d 00 00 00 00   ......็..m.... 
    00 00 00 00 00 00 00 00 00 00 00 00 00 00 00 00   ................ 
    00 00 00 00 00 00 00 fc                           .......         
[12/05/2026 14:18:18] Read data (COM11) 
    ff 03 00 01 09 00 82 00 00 00 00 00 8b 00 00 00   ............. 
    00 00 00 00 00 00 00 00 00 00 00 00 00 00 00 00   ................ 
    00 00 00 00 c9 b7 40 c3                           ....ษท@ร         
[12/05/2026 14:18:18] Written data (COM11) 
    ff 03 00 00 08 00 82 00 e7 00 00 6d 00 00 00 00   ......็..m.... 
    00 00 00 00 00 00 00 00 00 00 00 00 00 00 00 00   ................ 
    00 00 00 00 00 00 00 fc                           .......         
[12/05/2026 14:18:18] Read data (COM11) 
    ff 03 00 01 09 00 82 00 00 00 00 00 8b 00 00 00   ............. 
    00 00 00 00 00 00 00 00 00 00 00 00 00 00 00 00   ................ 
    00 00 00 00 36 b8 41 32                           ....6ธA2         
[12/05/2026 14:18:18] Written data (COM11) 
    ff 03 00 00 16 00 82 00 40 00 41 00 49 00 a0 00   ......@.A.I. . 
    a4 00 a5 00 15 00 16 00 00 7e 00 00 00 00 00 00   ค.ฅ......~...... 
    00 00 00 00 00 00 00 fc                           .......         
[12/05/2026 14:18:18] Read data (COM11) 
    ff 01 00 02 25 00 82 a8 61 00 00 a8 61 00 00 00   ...%.จa..จa... 
    00 00 00 04 00 01 00 8c c5 c2 10 00 03 00 00 00   .......ลย...... 
    00 00 00 00 4c b8 42 70 ff 02 01 02 00 00 10 00   ....LธBp....... 
    2a 00 00 00 00 00 00 00 00 00 00 00 00 00 00 00   *............... 
    00 00 00 00 00 00 00 00 00 00 00 00 4c b8 43 73   ............LธCs 
[12/05/2026 14:18:18] Written data (COM11) 
    ff 03 00 00 0a 00 82 01 c5 01 c4 01 00 88 00 00   ......ล.ฤ.... 
    00 00 00 00 00 00 00 00 00 00 00 00 00 00 00 00   ................ 
    00 00 00 00 00 00 00 fc                           .......         
[12/05/2026 14:18:18] Read data (COM11) 
    ff 03 00 01 0d 00 82 00 00 00 80 ff ff ff 7f 00   ........€. 
    8f 00 00 00 00 00 00 00 00 00 00 00 00 00 00 00   ............... 
    00 00 00 00 4d b8 44 4c                           ....MธDL         
[12/05/2026 14:18:18] Written data (COM11) 
    ff 03 00 00 0c 00 83 00 98 01 01 00 00 00 00 17   ............. 
    00 00 00 00 00 00 00 00 00 00 00 00 00 00 00 00   ................ 
    00 00 00 00 00 00 00 fc                           .......         
[12/05/2026 14:18:18] Read data (COM11) 
    ff 03 00 01 06 00 83 00 00 85 00 00 00 00 00 00   .......…...... 
    00 00 00 00 00 00 00 00 00 00 00 00 00 00 00 00   ................ 
    00 00 00 00 c2 b8 45 c2                           ....ยธEย         
[12/05/2026 14:18:18] Written data (COM11) 
    ff 03 00 00 16 00 82 00 40 00 41 00 49 00 a0 00   ......@.A.I. . 
    a4 00 a5 00 15 00 16 00 00 7e 00 00 00 00 00 00   ค.ฅ......~...... 
    00 00 00 00 00 00 00 fc                           .......         
[12/05/2026 14:18:18] Read data (COM11) 
    ff 01 00 02 25 00 82 a8 61 00 00 a8 61 00 00 00   ...%.จa..จa... 
    00 00 00 04 00 01 00 8c c5 c2 10 00 03 00 00 00   .......ลย...... 
    00 00 00 00 96 b9 46 af ff 02 01 02 00 00 10 00   ....–นFฏ....... 
    2a 00 00 00 00 00 00 00 00 00 00 00 00 00 00 00   *............... 
    00 00 00 00 00 00 00 00 00 00 00 00 96 b9 47 ac   ............–นGฌ 
[12/05/2026 14:18:18] Written data (COM11) 
    ff 03 00 00 0a 00 82 01 c5 01 c4 01 00 88 00 00   ......ล.ฤ.... 
    00 00 00 00 00 00 00 00 00 00 00 00 00 00 00 00   ................ 
    00 00 00 00 00 00 00 fc                           .......         
[12/05/2026 14:18:18] Read data (COM11) 
    ff 03 00 01 0d 00 82 00 00 00 80 ff ff ff 7f 00   ........€. 
    8f 00 00 00 00 00 00 00 00 00 00 00 00 00 00 00   ............... 
    00 00 00 00 97 b9 48 9b                           ....—นH         
[12/05/2026 14:18:19] Written data (COM11) 
    ff 03 00 00 16 00 82 00 40 00 41 00 49 00 a0 00   ......@.A.I. . 
    a4 00 a5 00 15 00 16 00 00 7e 00 00 00 00 00 00   ค.ฅ......~...... 
    00 00 00 00 00 00 00 fc                           .......         
[12/05/2026 14:18:19] Read data (COM11) 
    ff 01 00 02 25 00 82 a8 61 00 00 a8 61 00 00 00   ...%.จa..จa... 
    00 00 00 04 00 01 00 8c c5 c2 10 00 03 00 00 00   .......ลย...... 
    00 00 00 00 da ba 49 ef ff 02 01 02 00 00 10 00   ....ฺบI๏....... 
    2a 00 00 00 00 00 00 00 00 00 00 00 00 00 00 00   *............... 
    00 00 00 00 00 00 00 00 00 00 00 00 da ba 4a ee   ............ฺบJ๎ 
[12/05/2026 14:18:19] Written data (COM11) 
    ff 03 00 00 0a 00 82 01 c5 01 c4 01 00 88 00 00   ......ล.ฤ.... 
    00 00 00 00 00 00 00 00 00 00 00 00 00 00 00 00   ................ 
    00 00 00 00 00 00 00 fc                           .......         
[12/05/2026 14:18:19] Read data (COM11) 
    ff 03 00 01 0d 00 82 00 00 00 80 ff ff ff 7f 00   ........€. 
    8f 00 00 00 00 00 00 00 00 00 00 00 00 00 00 00   ............... 
    00 00 00 00 db ba 4b d7                           ....บKื         
[12/05/2026 14:18:19] Written data (COM11) 
    ff 03 00 00 16 00 82 00 40 00 41 00 49 00 a0 00   ......@.A.I. . 
    a4 00 a5 00 15 00 16 00 00 7e 00 00 00 00 00 00   ค.ฅ......~...... 
    00 00 00 00 00 00 00 fc                           .......         
[12/05/2026 14:18:19] Read data (COM11) 
    ff 01 00 02 25 00 82 a8 61 00 00 a8 61 00 00 00   ...%.จa..จa... 
    00 00 00 04 00 01 00 8c c5 c2 10 00 03 00 00 00   .......ลย...... 
    00 00 00 00 15 bc 4c 23 ff 02 01 02 00 00 10 00   .....ผL#....... 
    2a 00 00 00 00 00 00 00 00 00 00 00 00 00 00 00   *............... 
    00 00 00 00 00 00 00 00 00 00 00 00 15 bc 4d 20   .............ผM  
[12/05/2026 14:18:19] Written data (COM11) 
    ff 03 00 00 0a 00 82 01 c5 01 c4 01 00 88 00 00   ......ล.ฤ.... 
    00 00 00 00 00 00 00 00 00 00 00 00 00 00 00 00   ................ 
    00 00 00 00 00 00 00 fc                           .......         
[12/05/2026 14:18:19] Read data (COM11) 
    ff 03 00 01 0d 00 82 00 00 00 80 ff ff ff 7f 00   ........€. 
    8f 00 00 00 00 00 00 00 00 00 00 00 00 00 00 00   ............... 
    00 00 00 00 16 bc 4e 19                           .....ผN.         
[12/05/2026 14:18:19] Written data (COM11) 
    ff 03 00 00 16 00 82 00 40 00 41 00 49 00 a0 00   ......@.A.I. . 
    a4 00 a5 00 15 00 16 00 00 7e 00 00 00 00 00 00   ค.ฅ......~...... 
    00 00 00 00 00 00 00 fc                           .......         
[12/05/2026 14:18:19] Read data (COM11) 
    ff 01 00 02 25 00 82 a8 61 00 00 a8 61 00 00 00   ...%.จa..จa... 
    00 00 00 04 00 01 00 8c c5 c2 10 00 03 00 00 00   .......ลย...... 
    00 00 00 00 4e bd 4f 7a ff 02 01 02 00 00 10 00   ....NฝOz....... 
    2a 00 00 00 00 00 00 00 00 00 00 00 00 00 00 00   *............... 
    00 00 00 00 00 00 00 00 00 00 00 00 4e bd 50 67   ............NฝPg 
[12/05/2026 14:18:19] Written data (COM11) 
    ff 03 00 00 0a 00 82 01 c5 01 c4 01 00 88 00 00   ......ล.ฤ.... 
    00 00 00 00 00 00 00 00 00 00 00 00 00 00 00 00   ................ 
    00 00 00 00 00 00 00 fc                           .......         
[12/05/2026 14:18:19] Read data (COM11) 
    ff 03 00 01 0d 00 82 00 00 00 80 ff ff ff 7f 00   ........€. 
    8f 00 00 00 00 00 00 00 00 00 00 00 00 00 00 00   ............... 
    00 00 00 00 4f bd 51 5e                           ....OฝQ^         
[12/05/2026 14:18:20] Written data (COM11) 
    ff 03 00 00 16 00 82 00 40 00 41 00 49 00 a0 00   ......@.A.I. . 
    a4 00 a5 00 15 00 16 00 00 7e 00 00 00 00 00 00   ค.ฅ......~...... 
    00 00 00 00 00 00 00 fc                           .......         
[12/05/2026 14:18:20] Read data (COM11) 
    ff 01 00 02 25 00 82 a8 61 00 00 a8 61 00 00 00   ...%.จa..จa... 
    00 00 00 04 00 01 00 8c c5 c2 10 00 03 00 00 00   .......ลย...... 
    00 00 00 00 87 be 52 ad ff 02 01 02 00 00 10 00   ....พRญ....... 
    2a 00 00 00 00 00 00 00 00 00 00 00 00 00 00 00   *............... 
    00 00 00 00 00 00 00 00 00 00 00 00 87 be 53 ae   ............พSฎ 
[12/05/2026 14:18:20] Written data (COM11) 
    ff 03 00 00 0a 00 82 01 c5 01 c4 01 00 88 00 00   ......ล.ฤ.... 
    00 00 00 00 00 00 00 00 00 00 00 00 00 00 00 00   ................ 
    00 00 00 00 00 00 00 fc                           .......         
[12/05/2026 14:18:20] Read data (COM11) 
    ff 03 00 01 0d 00 82 00 00 00 80 ff ff ff 7f 00   ........€. 
    8f 00 00 00 00 00 00 00 00 00 00 00 00 00 00 00   ............... 
    00 00 00 00 88 be 54 9f                           ....พT         
[12/05/2026 14:18:20] Written data (COM11) 
    ff 03 00 00 16 00 82 00 40 00 41 00 49 00 a0 00   ......@.A.I. . 
    a4 00 a5 00 15 00 16 00 00 7e 00 00 00 00 00 00   ค.ฅ......~...... 
    00 00 00 00 00 00 00 fc                           .......         
[12/05/2026 14:18:20] Read data (COM11) 
    ff 01 00 02 25 00 82 a8 61 00 00 a8 61 00 00 00   ...%.จa..จa... 
    00 00 00 04 00 01 00 8c c5 c2 10 00 03 00 00 00   .......ลย...... 
    00 00 00 00 cb bf 55 e7 ff 02 01 02 00 00 10 00   ....หฟU็....... 
    2a 00 00 00 00 00 00 00 00 00 00 00 00 00 00 00   *............... 
    00 00 00 00 00 00 00 00 00 00 00 00 cb bf 56 e6   ............หฟVๆ 
[12/05/2026 14:18:20] Written data (COM11) 
    ff 03 00 00 0a 00 82 01 c5 01 c4 01 00 88 00 00   ......ล.ฤ.... 
    00 00 00 00 00 00 00 00 00 00 00 00 00 00 00 00   ................ 
    00 00 00 00 00 00 00 fc                           .......         
[12/05/2026 14:18:20] Read data (COM11) 
    ff 03 00 01 0d 00 82 00 00 00 80 ff ff ff 7f 00   ........€. 
    8f 00 00 00 00 00 00 00 00 00 00 00 00 00 00 00   ............... 
    00 00 00 00 cc bf 57 d9                           ....ฬฟWู         
[12/05/2026 14:18:20] Written data (COM11) 
    ff 03 00 00 16 00 82 00 40 00 41 00 49 00 a0 00   ......@.A.I. . 
    a4 00 a5 00 15 00 16 00 00 7e 00 00 00 00 00 00   ค.ฅ......~...... 
    00 00 00 00 00 00 00 fc                           .......         
[12/05/2026 14:18:20] Read data (COM11) 
    ff 01 00 02 25 00 82 a8 61 00 00 a8 61 00 00 00   ...%.จa..จa... 
    00 00 00 04 00 01 00 8c c5 c2 10 00 03 00 00 00   .......ลย...... 
    00 00 00 00 17 c1 58 48 ff 02 01 02 00 00 10 00   .....มXH....... 
    2a 00 00 00 00 00 00 00 00 00 00 00 00 00 00 00   *............... 
    00 00 00 00 00 00 00 00 00 00 00 00 17 c1 59 4b   .............มYK 
[12/05/2026 14:18:20] Written data (COM11) 
    ff 03 00 00 0a 00 82 01 c5 01 c4 01 00 88 00 00   ......ล.ฤ.... 
    00 00 00 00 00 00 00 00 00 00 00 00 00 00 00 00   ................ 
    00 00 00 00 00 00 00 fc                           .......         
[12/05/2026 14:18:20] Read data (COM11) 
    ff 03 00 01 0d 00 82 00 00 00 80 ff ff ff 7f 00   ........€. 
    8f 00 00 00 00 00 00 00 00 00 00 00 00 00 00 00   ............... 
    00 00 00 00 18 c1 5a 7e                           .....มZ~         
[12/05/2026 14:18:20] Written data (COM11) 
    ff 03 00 00 16 00 82 00 40 00 41 00 49 00 a0 00   ......@.A.I. . 
    a4 00 a5 00 15 00 16 00 00 7e 00 00 00 00 00 00   ค.ฅ......~...... 
    00 00 00 00 00 00 00 fc                           .......         
[12/05/2026 14:18:20] Read data (COM11) 
    ff 01 00 02 25 00 82 a8 61 00 00 a8 61 00 00 00   ...%.จa..จa... 
    00 00 00 04 00 01 00 8c c5 c2 10 00 03 00 00 00   .......ลย...... 
    00 00 00 00 5c c2 5b 03 ff 02 01 02 00 00 10 00   ....\ย[........ 
    2a 00 00 00 00 00 00 00 00 00 00 00 00 00 00 00   *............... 
    00 00 00 00 00 00 00 00 00 00 00 00 5c c2 5c 06   ............\ย\. 
[12/05/2026 14:18:20] Written data (COM11) 
    ff 03 00 00 0a 00 82 01 c5 01 c4 01 00 88 00 00   ......ล.ฤ.... 
    00 00 00 00 00 00 00 00 00 00 00 00 00 00 00 00   ................ 
    00 00 00 00 00 00 00 fc                           .......         
[12/05/2026 14:18:20] Read data (COM11) 
    ff 03 00 01 0d 00 82 00 00 00 80 ff ff ff 7f 00   ........€. 
    8f 00 00 00 00 00 00 00 00 00 00 00 00 00 00 00   ............... 
    00 00 00 00 5d c2 5d 3f                           ....]ย]?         
